[HEADER]
FILE_VERSION;1
SITE;01000017A6;FRA201
FOLDER;Eclairage
LABEL;Réserve alimentaire
POINT_ID;ECL_RES_ALIM
FREQUENCY;8
TIMEZONE;Europe/Paris
COMPRESSED;1
[DATA]
COLUMNS;CV
UNITS;
"2017-01-01 00:00:00";0
"2017-01-02 03:00:00";1
"2017-01-02 22:00:00";0
"2017-01-03 02:50:00";1
"2017-01-03 22:10:00";0
"2017-01-04 02:50:00";1
"2017-01-04 22:10:00";0
"2017-01-05 02:50:00";1
"2017-01-05 22:10:00";0
"2017-01-06 03:00:00";1
"2017-01-06 22:00:00";0
"2017-01-07 02:50:00";1
"2017-01-07 22:10:00";0
"2017-01-09 03:00:00";1
"2017-01-09 08:40:00";
"2017-01-09 08:50:00";1
"2017-01-09 13:40:00";
"2017-01-09 13:50:00";1
"2017-01-09 18:40:00";
"2017-01-09 18:50:00";1
"2017-01-09 22:00:00";0
"2017-01-09 23:30:00";
"2017-01-09 23:40:00";0
"2017-01-10 02:50:00";1
"2017-01-10 04:30:00";
"2017-01-10 04:40:00";1
"2017-01-10 09:30:00";
"2017-01-10 09:40:00";1
"2017-01-10 14:30:00";
"2017-01-10 14:40:00";1
"2017-01-10 19:30:00";
"2017-01-10 19:40:00";1
"2017-01-10 22:10:00";0
"2017-01-11 00:30:00";
"2017-01-11 00:40:00";0
"2017-01-11 03:00:00";1
"2017-01-11 05:30:00";
"2017-01-11 05:40:00";1
"2017-01-11 10:30:00";
"2017-01-11 10:40:00";1
"2017-01-11 15:30:00";
"2017-01-11 15:40:00";1
"2017-01-11 20:20:00";
"2017-01-11 20:30:00";1
"2017-01-11 22:20:00";0
"2017-01-12 01:20:00";
"2017-01-12 01:30:00";0
"2017-01-12 03:00:00";1
"2017-01-12 06:20:00";
"2017-01-12 06:30:00";1
"2017-01-12 11:20:00";
"2017-01-12 11:30:00";1
"2017-01-12 16:20:00";
"2017-01-12 16:30:00";1
"2017-01-12 21:20:00";
"2017-01-12 21:30:00";1
"2017-01-12 22:20:00";0
"2017-01-13 02:20:00";
"2017-01-13 02:30:00";0
"2017-01-13 03:00:00";1
"2017-01-13 07:10:00";
"2017-01-13 07:20:00";1
"2017-01-13 12:10:00";
"2017-01-13 12:20:00";1
"2017-01-13 17:10:00";
"2017-01-13 17:20:00";1
"2017-01-13 22:00:00";0
"2017-01-13 22:10:00";
"2017-01-13 22:20:00";0
"2017-01-14 02:50:00";1
"2017-01-14 03:10:00";
"2017-01-14 03:20:00";1
"2017-01-14 08:10:00";
"2017-01-14 08:20:00";1
"2017-01-14 13:10:00";
"2017-01-14 13:20:00";1
"2017-01-14 18:10:00";
"2017-01-14 18:20:00";1
"2017-01-14 22:10:00";0
"2017-01-14 23:10:00";
"2017-01-14 23:20:00";0
"2017-01-15 02:50:00";1
"2017-01-15 04:10:00";
"2017-01-15 04:20:00";1
"2017-01-15 09:10:00";
"2017-01-15 09:20:00";1
"2017-01-15 14:00:00";
"2017-01-15 14:10:00";1
"2017-01-15 19:00:00";
"2017-01-15 19:10:00";0
"2017-01-16 00:00:00";
"2017-01-16 00:10:00";0
"2017-01-16 03:00:00";1
"2017-01-16 05:00:00";
"2017-01-16 05:10:00";1
"2017-01-16 10:00:00";
"2017-01-16 10:10:00";1
"2017-01-16 15:00:00";
"2017-01-16 15:10:00";1
"2017-01-16 20:00:00";
"2017-01-16 20:10:00";1
"2017-01-16 22:10:00";0
"2017-01-17 00:50:00";
"2017-01-17 01:00:00";0
"2017-01-17 03:00:00";1
"2017-01-17 05:50:00";
"2017-01-17 06:00:00";1
"2017-01-17 10:50:00";
"2017-01-17 11:00:00";1
"2017-01-17 15:50:00";
"2017-01-17 16:00:00";1
"2017-01-17 20:50:00";
"2017-01-17 21:00:00";1
"2017-01-17 22:20:00";0
"2017-01-18 01:50:00";
"2017-01-18 02:00:00";0
"2017-01-18 03:00:00";1
"2017-01-18 06:50:00";
"2017-01-18 07:00:00";1
"2017-01-18 11:50:00";
"2017-01-18 12:00:00";1
"2017-01-18 16:50:00";
"2017-01-18 17:00:00";1
"2017-01-18 21:40:00";
"2017-01-18 21:50:00";1
"2017-01-18 22:20:00";0
"2017-01-19 02:40:00";
"2017-01-19 02:50:00";0
"2017-01-19 03:00:00";1
"2017-01-19 07:40:00";
"2017-01-19 07:50:00";1
"2017-01-19 12:40:00";
"2017-01-19 12:50:00";1
"2017-01-19 17:40:00";
"2017-01-19 17:50:00";1
"2017-01-19 22:10:00";0
"2017-01-19 22:40:00";
"2017-01-19 22:50:00";0
"2017-01-20 03:00:00";1
"2017-01-20 03:40:00";
"2017-01-20 03:50:00";1
"2017-01-20 08:30:00";
"2017-01-20 08:40:00";1
"2017-01-20 13:30:00";
"2017-01-20 13:40:00";1
"2017-01-20 18:30:00";
"2017-01-20 18:40:00";1
"2017-01-20 22:00:00";0
"2017-01-20 23:30:00";
"2017-01-20 23:40:00";0
"2017-01-21 02:50:00";1
"2017-01-21 04:30:00";
"2017-01-21 04:40:00";1
"2017-01-21 09:30:00";
"2017-01-21 09:40:00";1
"2017-01-21 14:30:00";
"2017-01-21 14:40:00";1
"2017-01-21 19:30:00";
"2017-01-21 19:40:00";1
"2017-01-21 22:10:00";0
"2017-01-22 00:30:00";
"2017-01-22 00:40:00";0
"2017-01-22 05:20:00";
"2017-01-22 05:30:00";0
"2017-01-22 10:20:00";
"2017-01-22 10:30:00";0
"2017-01-22 15:20:00";
"2017-01-22 15:30:00";0
"2017-01-22 20:20:00";
"2017-01-22 20:30:00";0
"2017-01-23 01:20:00";
"2017-01-23 01:30:00";0
"2017-01-23 03:00:00";1
"2017-01-23 06:20:00";
"2017-01-23 06:30:00";1
"2017-01-23 11:20:00";
"2017-01-23 11:30:00";1
"2017-01-23 16:20:00";
"2017-01-23 16:30:00";1
"2017-01-23 21:20:00";
"2017-01-23 21:30:00";1
"2017-01-23 22:10:00";0
"2017-01-24 02:10:00";
"2017-01-24 02:20:00";0
"2017-01-24 03:00:00";1
"2017-01-24 07:10:00";
"2017-01-24 07:20:00";1
"2017-01-24 12:10:00";
"2017-01-24 12:20:00";1
"2017-01-24 17:10:00";
"2017-01-24 17:20:00";1
"2017-01-24 22:10:00";
"2017-01-24 22:20:00";0
"2017-01-25 02:50:00";1
"2017-01-25 03:10:00";
"2017-01-25 03:20:00";1
"2017-01-25 08:10:00";
"2017-01-25 08:20:00";1
"2017-01-25 13:00:00";
"2017-01-25 13:10:00";1
"2017-01-25 18:00:00";
"2017-01-25 18:10:00";1
"2017-01-25 22:10:00";0
"2017-01-25 23:00:00";
"2017-01-25 23:10:00";0
"2017-01-26 02:50:00";1
"2017-01-26 04:00:00";
"2017-01-26 04:10:00";1
"2017-01-26 09:00:00";
"2017-01-26 09:10:00";1
"2017-01-26 14:00:00";
"2017-01-26 14:10:00";1
"2017-01-26 19:00:00";
"2017-01-26 19:10:00";1
"2017-01-26 22:10:00";0
"2017-01-27 00:00:00";
"2017-01-27 00:10:00";0
"2017-01-27 03:00:00";1
"2017-01-27 05:00:00";
"2017-01-27 05:10:00";1
"2017-01-27 09:50:00";
"2017-01-27 10:00:00";1
"2017-01-27 14:50:00";
"2017-01-27 15:00:00";1
"2017-01-27 19:50:00";
"2017-01-27 20:00:00";1
"2017-01-27 22:10:00";0
"2017-01-28 00:50:00";
"2017-01-28 01:00:00";0
"2017-01-28 03:00:00";1
"2017-01-28 05:50:00";
"2017-01-28 06:00:00";1
"2017-01-28 10:50:00";
"2017-01-28 11:00:00";1
"2017-01-28 15:50:00";
"2017-01-28 16:00:00";1
"2017-01-28 20:50:00";
"2017-01-28 21:00:00";1
"2017-01-28 22:20:00";0
"2017-01-29 01:50:00";
"2017-01-29 02:00:00";0
"2017-01-29 06:40:00";
"2017-01-29 06:50:00";0
"2017-01-29 11:40:00";
"2017-01-29 11:50:00";0
"2017-01-29 16:40:00";
"2017-01-29 16:50:00";0
"2017-01-29 21:40:00";
"2017-01-29 21:50:00";0
"2017-01-30 02:40:00";
"2017-01-30 02:50:00";0
"2017-01-30 03:00:00";1
"2017-01-30 07:40:00";
"2017-01-30 07:50:00";1
"2017-01-30 12:40:00";
"2017-01-30 12:50:00";1
"2017-01-30 17:30:00";
"2017-01-30 17:40:00";1
"2017-01-30 22:00:00";0
"2017-01-30 22:30:00";
"2017-01-30 22:40:00";0
"2017-01-31 02:50:00";1
"2017-01-31 03:30:00";
"2017-01-31 03:40:00";1
"2017-01-31 08:30:00";
"2017-01-31 08:40:00";1
"2017-01-31 13:30:00";
"2017-01-31 13:40:00";1
"2017-01-31 18:30:00";
"2017-01-31 18:40:00";1
"2017-01-31 22:10:00";0
"2017-01-31 23:30:00";
"2017-01-31 23:40:00";0
"2017-02-01 02:50:00";1
"2017-02-01 04:20:00";
"2017-02-01 04:30:00";1
"2017-02-01 09:20:00";
"2017-02-01 09:30:00";1
"2017-02-01 14:20:00";
"2017-02-01 14:30:00";1
"2017-02-01 19:20:00";
"2017-02-01 19:30:00";1
"2017-02-01 22:10:00";0
"2017-02-02 00:20:00";
"2017-02-02 00:30:00";0
"2017-02-02 02:50:00";1
"2017-02-02 05:20:00";
"2017-02-02 05:30:00";1
"2017-02-02 10:20:00";
"2017-02-02 10:30:00";1
"2017-02-02 15:20:00";
"2017-02-02 15:30:00";1
"2017-02-02 20:20:00";
"2017-02-02 20:30:00";1
"2017-02-02 22:20:00";0
"2017-02-03 01:10:00";
"2017-02-03 01:20:00";0
"2017-02-03 03:00:00";1
"2017-02-03 06:10:00";
"2017-02-03 06:20:00";1
"2017-02-03 11:10:00";
"2017-02-03 11:20:00";1
"2017-02-03 16:10:00";
"2017-02-03 16:20:00";1
"2017-02-03 21:10:00";
"2017-02-03 21:20:00";1
"2017-02-03 22:10:00";0
"2017-02-04 02:10:00";
"2017-02-04 02:20:00";0
"2017-02-04 03:00:00";1
"2017-02-04 07:10:00";
"2017-02-04 07:20:00";1
"2017-02-04 12:10:00";
"2017-02-04 12:20:00";1
"2017-02-04 17:10:00";
"2017-02-04 17:20:00";1
"2017-02-04 22:00:00";
"2017-02-04 22:10:00";1
"2017-02-04 22:20:00";0
"2017-02-05 03:00:00";
"2017-02-05 03:10:00";0
"2017-02-05 08:00:00";
"2017-02-05 08:10:00";0
"2017-02-05 13:00:00";
"2017-02-05 13:10:00";0
"2017-02-05 18:00:00";
"2017-02-05 18:10:00";0
"2017-02-05 23:00:00";
"2017-02-05 23:10:00";0
"2017-02-06 03:00:00";1
"2017-02-06 04:00:00";
"2017-02-06 04:10:00";1
"2017-02-06 08:50:00";
"2017-02-06 09:00:00";1
"2017-02-06 13:50:00";
"2017-02-06 14:00:00";1
"2017-02-06 18:50:00";
"2017-02-06 19:00:00";1
"2017-02-06 22:00:00";0
"2017-02-06 23:50:00";
"2017-02-07 00:00:00";0
"2017-02-07 02:50:00";1
"2017-02-07 04:50:00";
"2017-02-07 05:00:00";1
"2017-02-07 09:50:00";
"2017-02-07 10:00:00";1
"2017-02-07 14:50:00";
"2017-02-07 15:00:00";1
"2017-02-07 19:50:00";
"2017-02-07 20:00:00";1
"2017-02-07 22:20:00";0
"2017-02-08 00:50:00";
"2017-02-08 01:00:00";0
"2017-02-08 03:00:00";1
"2017-02-08 05:40:00";
"2017-02-08 05:50:00";1
"2017-02-08 10:40:00";
"2017-02-08 10:50:00";1
"2017-02-08 15:40:00";
"2017-02-08 15:50:00";1
"2017-02-08 20:40:00";
"2017-02-08 20:50:00";1
"2017-02-08 22:20:00";0
"2017-02-09 01:40:00";
"2017-02-09 01:50:00";0
"2017-02-09 03:00:00";1
"2017-02-09 06:40:00";
"2017-02-09 06:50:00";1
"2017-02-09 11:40:00";
"2017-02-09 11:50:00";1
"2017-02-09 16:40:00";
"2017-02-09 16:50:00";1
"2017-02-09 21:40:00";
"2017-02-09 21:50:00";1
"2017-02-09 22:20:00";0
"2017-02-10 02:30:00";
"2017-02-10 02:40:00";0
"2017-02-10 03:00:00";1
"2017-02-10 07:30:00";
"2017-02-10 07:40:00";1
"2017-02-10 12:30:00";
"2017-02-10 12:40:00";1
"2017-02-10 17:30:00";
"2017-02-10 17:40:00";1
"2017-02-10 22:00:00";0
"2017-02-10 22:30:00";
"2017-02-10 22:40:00";0
"2017-02-11 02:50:00";1
"2017-02-11 03:30:00";
"2017-02-11 03:40:00";1
"2017-02-11 08:30:00";
"2017-02-11 08:40:00";1
"2017-02-11 13:30:00";
"2017-02-11 13:40:00";1
"2017-02-11 18:30:00";
"2017-02-11 18:40:00";1
"2017-02-11 22:10:00";0
"2017-02-11 23:20:00";
"2017-02-11 23:30:00";0
"2017-02-12 04:20:00";
"2017-02-12 04:30:00";0
"2017-02-12 09:20:00";
"2017-02-12 09:30:00";0
"2017-02-12 14:20:00";
"2017-02-12 14:30:00";0
"2017-02-12 19:20:00";
"2017-02-12 19:30:00";0
"2017-02-13 00:20:00";
"2017-02-13 00:30:00";0
"2017-02-13 03:00:00";1
"2017-02-13 05:20:00";
"2017-02-13 05:30:00";1
"2017-02-13 10:10:00";
"2017-02-13 10:20:00";1
"2017-02-13 15:10:00";
"2017-02-13 15:20:00";1
"2017-02-13 20:10:00";
"2017-02-13 20:20:00";1
"2017-02-13 22:10:00";0
"2017-02-14 01:10:00";
"2017-02-14 01:20:00";0
"2017-02-14 03:00:00";1
"2017-02-14 06:10:00";
"2017-02-14 06:20:00";1
"2017-02-14 11:10:00";
"2017-02-14 11:20:00";1
"2017-02-14 16:10:00";
"2017-02-14 16:20:00";1
"2017-02-14 21:10:00";
"2017-02-14 21:20:00";1
"2017-02-14 22:20:00";0
"2017-02-15 02:10:00";
"2017-02-15 02:20:00";0
"2017-02-15 03:00:00";1
"2017-02-15 07:00:00";
"2017-02-15 07:10:00";1
"2017-02-15 12:00:00";
"2017-02-15 12:10:00";1
"2017-02-15 17:00:00";
"2017-02-15 17:10:00";1
"2017-02-15 22:00:00";
"2017-02-15 22:10:00";1
"2017-02-15 22:20:00";0
"2017-02-16 02:50:00";1
"2017-02-16 03:00:00";
"2017-02-16 03:10:00";1
"2017-02-16 08:00:00";
"2017-02-16 08:10:00";1
"2017-02-16 13:00:00";
"2017-02-16 13:10:00";1
"2017-02-16 18:00:00";
"2017-02-16 18:10:00";1
"2017-02-16 22:10:00";0
"2017-02-16 23:00:00";
"2017-02-16 23:10:00";0
"2017-02-17 03:00:00";1
"2017-02-17 03:50:00";
"2017-02-17 04:00:00";1
"2017-02-17 08:50:00";
"2017-02-17 09:00:00";1
"2017-02-17 13:50:00";
"2017-02-17 14:00:00";1
"2017-02-17 18:50:00";
"2017-02-17 19:00:00";1
"2017-02-17 22:00:00";0
"2017-02-17 23:50:00";
"2017-02-18 00:00:00";0
"2017-02-18 02:50:00";1
"2017-02-18 04:50:00";
"2017-02-18 05:00:00";1
"2017-02-18 09:50:00";
"2017-02-18 10:00:00";1
"2017-02-18 14:50:00";
"2017-02-18 15:00:00";1
"2017-02-18 19:50:00";
"2017-02-18 20:00:00";1
"2017-02-18 22:20:00";0
"2017-02-19 00:40:00";
"2017-02-19 00:50:00";0
"2017-02-19 05:40:00";
"2017-02-19 05:50:00";0
"2017-02-19 10:40:00";
"2017-02-19 10:50:00";0
"2017-02-19 15:40:00";
"2017-02-19 15:50:00";0
"2017-02-19 20:40:00";
"2017-02-19 20:50:00";0
"2017-02-20 01:40:00";
"2017-02-20 01:50:00";0
"2017-02-20 03:00:00";1
"2017-02-20 06:40:00";
"2017-02-20 06:50:00";1
"2017-02-20 11:40:00";
"2017-02-20 11:50:00";1
"2017-02-20 16:40:00";
"2017-02-20 16:50:00";1
"2017-02-20 21:30:00";
"2017-02-20 21:40:00";1
"2017-02-20 22:10:00";0
"2017-02-21 02:30:00";
"2017-02-21 02:40:00";0
"2017-02-21 03:00:00";1
"2017-02-21 07:30:00";
"2017-02-21 07:40:00";1
"2017-02-21 12:30:00";
"2017-02-21 12:40:00";1
"2017-02-21 17:30:00";
"2017-02-21 17:40:00";1
"2017-02-21 22:10:00";0
"2017-02-21 22:30:00";
"2017-02-21 22:40:00";0
"2017-02-22 02:50:00";1
"2017-02-22 03:30:00";
"2017-02-22 03:40:00";1
"2017-02-22 08:20:00";
"2017-02-22 08:30:00";1
"2017-02-22 13:20:00";
"2017-02-22 13:30:00";1
"2017-02-22 18:20:00";
"2017-02-22 18:30:00";1
"2017-02-22 22:10:00";0
"2017-02-22 23:20:00";
"2017-02-22 23:30:00";0
"2017-02-23 02:50:00";1
"2017-02-23 04:20:00";
"2017-02-23 04:30:00";1
"2017-02-23 09:20:00";
"2017-02-23 09:30:00";1
"2017-02-23 14:20:00";
"2017-02-23 14:30:00";1
"2017-02-23 19:20:00";
"2017-02-23 19:30:00";1
"2017-02-23 22:10:00";0
"2017-02-24 00:20:00";
"2017-02-24 00:30:00";0
"2017-02-24 03:00:00";1
"2017-02-24 05:10:00";
"2017-02-24 05:20:00";1
"2017-02-24 10:10:00";
"2017-02-24 10:20:00";1
"2017-02-24 15:10:00";
"2017-02-24 15:20:00";1
"2017-02-24 20:10:00";
"2017-02-24 20:20:00";1
"2017-02-24 22:10:00";0
"2017-02-25 01:10:00";
"2017-02-25 01:20:00";0
"2017-02-25 03:00:00";1
"2017-02-25 06:10:00";
"2017-02-25 06:20:00";1
"2017-02-25 11:10:00";
"2017-02-25 11:20:00";1
"2017-02-25 16:10:00";
"2017-02-25 16:20:00";1
"2017-02-25 21:10:00";
"2017-02-25 21:20:00";1
"2017-02-25 22:20:00";0
"2017-02-26 02:10:00";
"2017-02-26 02:20:00";0
"2017-02-26 07:10:00";
"2017-02-26 07:20:00";0
"2017-02-26 12:00:00";
"2017-02-26 12:10:00";0
"2017-02-26 17:00:00";
"2017-02-26 17:10:00";0
"2017-02-26 22:00:00";
"2017-02-26 22:10:00";0
"2017-02-27 03:00:00";
"2017-02-27 03:10:00";1
"2017-02-27 08:00:00";
"2017-02-27 08:10:00";1
"2017-02-27 13:00:00";
"2017-02-27 13:10:00";1
"2017-02-27 18:00:00";
"2017-02-27 18:10:00";1
"2017-02-27 22:00:00";0
"2017-02-27 22:50:00";
"2017-02-27 23:00:00";0
"2017-02-28 02:50:00";1
"2017-02-28 03:50:00";
"2017-02-28 04:00:00";1
"2017-02-28 08:50:00";
"2017-02-28 09:00:00";1
"2017-02-28 13:50:00";
"2017-02-28 14:00:00";1
"2017-02-28 18:50:00";
"2017-02-28 19:00:00";1
"2017-02-28 22:10:00";0
"2017-02-28 23:50:00";
"2017-03-01 00:00:00";0
"2017-03-01 02:50:00";1
"2017-03-01 04:50:00";
"2017-03-01 05:00:00";1
"2017-03-01 09:50:00";
"2017-03-01 10:00:00";1
"2017-03-01 14:50:00";
"2017-03-01 15:00:00";1
"2017-03-01 19:40:00";
"2017-03-01 19:50:00";1
"2017-03-01 22:20:00";0
"2017-03-02 00:40:00";
"2017-03-02 00:50:00";0
"2017-03-02 03:00:00";1
"2017-03-02 05:40:00";
"2017-03-02 05:50:00";1
"2017-03-02 10:40:00";
"2017-03-02 10:50:00";1
"2017-03-02 15:40:00";
"2017-03-02 15:50:00";1
"2017-03-02 20:40:00";
"2017-03-02 20:50:00";1
"2017-03-02 22:20:00";0
"2017-03-03 01:40:00";
"2017-03-03 01:50:00";0
"2017-03-03 03:00:00";1
"2017-03-03 06:40:00";
"2017-03-03 06:50:00";1
"2017-03-03 11:40:00";
"2017-03-03 11:50:00";1
"2017-03-03 16:30:00";
"2017-03-03 16:40:00";1
"2017-03-03 21:30:00";
"2017-03-03 21:40:00";1
"2017-03-03 22:10:00";0
"2017-03-04 02:30:00";
"2017-03-04 02:40:00";0
"2017-03-04 03:00:00";1
"2017-03-04 07:30:00";
"2017-03-04 07:40:00";1
"2017-03-04 12:30:00";
"2017-03-04 12:40:00";1
"2017-03-04 17:30:00";
"2017-03-04 17:40:00";1
"2017-03-04 22:10:00";0
"2017-03-04 22:30:00";
"2017-03-04 22:40:00";0
"2017-03-05 03:30:00";
"2017-03-05 03:40:00";0
"2017-03-05 08:30:00";
"2017-03-05 08:40:00";0
"2017-03-05 13:20:00";
"2017-03-05 13:30:00";0
"2017-03-05 18:20:00";
"2017-03-05 18:30:00";0
"2017-03-05 23:20:00";
"2017-03-05 23:30:00";0
"2017-03-06 03:00:00";1
"2017-03-06 04:20:00";
"2017-03-06 04:30:00";1
"2017-03-06 09:20:00";
"2017-03-06 09:30:00";1
"2017-03-06 14:20:00";
"2017-03-06 14:30:00";1
"2017-03-06 19:20:00";
"2017-03-06 19:30:00";1
"2017-03-06 22:00:00";0
"2017-03-07 00:20:00";
"2017-03-07 00:30:00";0
"2017-03-07 02:50:00";1
"2017-03-07 05:20:00";
"2017-03-07 05:30:00";1
"2017-03-07 10:10:00";
"2017-03-07 10:20:00";1
"2017-03-07 15:10:00";
"2017-03-07 15:20:00";1
"2017-03-07 20:10:00";
"2017-03-07 20:20:00";1
"2017-03-07 22:20:00";0
"2017-03-08 01:10:00";
"2017-03-08 01:20:00";0
"2017-03-08 03:00:00";1
"2017-03-08 06:10:00";
"2017-03-08 06:20:00";1
"2017-03-08 11:10:00";
"2017-03-08 11:20:00";1
"2017-03-08 16:10:00";
"2017-03-08 16:20:00";1
"2017-03-08 21:10:00";
"2017-03-08 21:20:00";1
"2017-03-08 22:20:00";0
"2017-03-09 02:10:00";
"2017-03-09 02:20:00";0
"2017-03-09 03:00:00";1
"2017-03-09 07:00:00";
"2017-03-09 07:10:00";1
"2017-03-09 12:00:00";
"2017-03-09 12:10:00";1
"2017-03-09 17:00:00";
"2017-03-09 17:10:00";1
"2017-03-09 22:00:00";
"2017-03-09 22:10:00";1
"2017-03-09 22:20:00";0
"2017-03-10 03:00:00";
"2017-03-10 03:10:00";1
"2017-03-10 08:00:00";
"2017-03-10 08:10:00";1
"2017-03-10 13:00:00";
"2017-03-10 13:10:00";1
"2017-03-10 18:00:00";
"2017-03-10 18:10:00";1
"2017-03-10 22:00:00";0
"2017-03-10 23:00:00";
"2017-03-10 23:10:00";0
"2017-03-11 02:50:00";1
"2017-03-11 03:50:00";
"2017-03-11 04:00:00";1
"2017-03-11 08:50:00";
"2017-03-11 09:00:00";1
"2017-03-11 13:50:00";
"2017-03-11 14:00:00";1
"2017-03-11 18:50:00";
"2017-03-11 19:00:00";1
"2017-03-11 22:10:00";0
"2017-03-11 23:50:00";
"2017-03-12 00:00:00";0
"2017-03-12 04:50:00";
"2017-03-12 05:00:00";0
"2017-03-12 09:50:00";
"2017-03-12 10:00:00";0
"2017-03-12 14:50:00";
"2017-03-12 15:00:00";0
"2017-03-12 19:50:00";
"2017-03-12 20:00:00";0
"2017-03-13 00:40:00";
"2017-03-13 00:50:00";0
"2017-03-13 03:00:00";1
"2017-03-13 05:40:00";
"2017-03-13 05:50:00";1
"2017-03-13 10:40:00";
"2017-03-13 10:50:00";1
"2017-03-13 15:40:00";
"2017-03-13 15:50:00";1
"2017-03-13 20:40:00";
"2017-03-13 20:50:00";1
"2017-03-13 22:10:00";0
"2017-03-14 01:40:00";
"2017-03-14 01:50:00";0
"2017-03-14 03:00:00";1
"2017-03-14 06:40:00";
"2017-03-14 06:50:00";1
"2017-03-14 11:30:00";
"2017-03-14 11:40:00";1
"2017-03-14 16:30:00";
"2017-03-14 16:40:00";1
"2017-03-14 21:30:00";
"2017-03-14 21:40:00";1
"2017-03-14 22:20:00";0
"2017-03-15 02:30:00";
"2017-03-15 02:40:00";0
"2017-03-15 03:00:00";1
"2017-03-15 07:30:00";
"2017-03-15 07:40:00";1
"2017-03-15 12:30:00";
"2017-03-15 12:40:00";1
"2017-03-15 17:30:00";
"2017-03-15 17:40:00";1
"2017-03-15 22:10:00";0
"2017-03-15 22:30:00";
"2017-03-15 22:40:00";0
"2017-03-16 02:50:00";1
"2017-03-16 03:30:00";
"2017-03-16 03:40:00";1
"2017-03-16 08:20:00";
"2017-03-16 08:30:00";1
"2017-03-16 13:20:00";
"2017-03-16 13:30:00";1
"2017-03-16 18:20:00";
"2017-03-16 18:30:00";1
"2017-03-16 22:10:00";0
"2017-03-16 23:20:00";
"2017-03-16 23:30:00";0
"2017-03-17 03:00:00";1
"2017-03-17 04:20:00";
"2017-03-17 04:30:00";1
"2017-03-17 09:20:00";
"2017-03-17 09:30:00";1
"2017-03-17 14:20:00";
"2017-03-17 14:30:00";1
"2017-03-17 19:20:00";
"2017-03-17 19:30:00";1
"2017-03-17 22:00:00";0
"2017-03-18 00:20:00";
"2017-03-18 00:30:00";0
"2017-03-18 02:50:00";1
"2017-03-18 05:10:00";
"2017-03-18 05:20:00";1
"2017-03-18 10:10:00";
"2017-03-18 10:20:00";1
"2017-03-18 15:10:00";
"2017-03-18 15:20:00";1
"2017-03-18 20:10:00";
"2017-03-18 20:20:00";1
"2017-03-18 22:20:00";0
"2017-03-19 01:10:00";
"2017-03-19 01:20:00";0
"2017-03-19 06:10:00";
"2017-03-19 06:20:00";0
"2017-03-19 11:10:00";
"2017-03-19 11:20:00";0
"2017-03-19 16:10:00";
"2017-03-19 16:20:00";0
"2017-03-19 21:10:00";
"2017-03-19 21:20:00";0
"2017-03-20 02:00:00";
"2017-03-20 02:10:00";0
"2017-03-20 03:00:00";1
"2017-03-20 07:00:00";
"2017-03-20 07:10:00";1
"2017-03-20 12:00:00";
"2017-03-20 12:10:00";1
"2017-03-20 17:00:00";
"2017-03-20 17:10:00";1
"2017-03-20 22:00:00";
"2017-03-20 22:10:00";0
"2017-03-21 02:50:00";1
"2017-03-21 03:00:00";
"2017-03-21 03:10:00";1
"2017-03-21 08:00:00";
"2017-03-21 08:10:00";1
"2017-03-21 13:00:00";
"2017-03-21 13:10:00";1
"2017-03-21 17:50:00";
"2017-03-21 18:00:00";1
"2017-03-21 22:10:00";0
"2017-03-21 22:50:00";
"2017-03-21 23:00:00";0
"2017-03-21 23:50:00";0
"2017-03-22 00:00:00";0
"2017-03-22 02:50:00";1
"2017-03-22 03:50:00";
"2017-03-22 04:00:00";1
"2017-03-22 08:50:00";
"2017-03-22 09:00:00";1
"2017-03-22 13:50:00";
"2017-03-22 14:00:00";1
"2017-03-22 18:50:00";
"2017-03-22 19:00:00";1
"2017-03-22 22:10:00";0
"2017-03-22 23:50:00";
"2017-03-23 00:00:00";0
"2017-03-23 02:50:00";1
"2017-03-23 04:50:00";
"2017-03-23 05:00:00";1
"2017-03-23 09:50:00";
"2017-03-23 10:00:00";1
"2017-03-23 14:40:00";
"2017-03-23 14:50:00";1
"2017-03-23 19:40:00";
"2017-03-23 19:50:00";1
"2017-03-23 22:20:00";0
"2017-03-24 00:40:00";
"2017-03-24 00:50:00";0
"2017-03-24 03:00:00";1
"2017-03-24 05:40:00";
"2017-03-24 05:50:00";1
"2017-03-24 10:40:00";
"2017-03-24 10:50:00";1
"2017-03-24 15:40:00";
"2017-03-24 15:50:00";1
"2017-03-24 20:40:00";
"2017-03-24 20:50:00";1
"2017-03-24 22:10:00";0
"2017-03-25 01:40:00";
"2017-03-25 01:50:00";0
"2017-03-25 03:00:00";1
"2017-03-25 06:40:00";
"2017-03-25 06:50:00";1
"2017-03-25 11:30:00";
"2017-03-25 11:40:00";1
"2017-03-25 16:30:00";
"2017-03-25 16:40:00";1
"2017-03-25 21:30:00";
"2017-03-25 21:40:00";1
"2017-03-25 22:20:00";0
"2017-03-26 03:30:00";
"2017-03-26 03:40:00";0
"2017-03-26 08:30:00";
"2017-03-26 08:40:00";0
"2017-03-26 13:30:00";
"2017-03-26 13:40:00";0
"2017-03-26 18:30:00";
"2017-03-26 18:40:00";0
"2017-03-26 23:30:00";
"2017-03-26 23:40:00";0
"2017-03-27 03:00:00";1
"2017-03-27 04:30:00";
"2017-03-27 04:40:00";1
"2017-03-27 09:20:00";
"2017-03-27 09:30:00";1
"2017-03-27 14:20:00";
"2017-03-27 14:30:00";1
"2017-03-27 19:20:00";
"2017-03-27 19:30:00";1
"2017-03-27 22:00:00";0
"2017-03-28 00:20:00";
"2017-03-28 00:30:00";0
"2017-03-28 03:00:00";1
"2017-03-28 05:20:00";
"2017-03-28 05:30:00";1
"2017-03-28 10:20:00";
"2017-03-28 10:30:00";1
"2017-03-28 15:20:00";
"2017-03-28 15:30:00";1
"2017-03-28 20:10:00";
"2017-03-28 20:20:00";1
"2017-03-28 22:20:00";0
"2017-03-29 01:10:00";
"2017-03-29 01:20:00";0
"2017-03-29 03:00:00";1
"2017-03-29 06:10:00";
"2017-03-29 06:20:00";1
"2017-03-29 11:10:00";
"2017-03-29 11:20:00";1
"2017-03-29 16:10:00";
"2017-03-29 16:20:00";1
"2017-03-29 21:10:00";
"2017-03-29 21:20:00";1
"2017-03-29 22:20:00";0
"2017-03-30 02:10:00";
"2017-03-30 02:20:00";0
"2017-03-30 03:00:00";1
"2017-03-30 07:10:00";
"2017-03-30 07:20:00";1
"2017-03-30 12:10:00";
"2017-03-30 12:20:00";1
"2017-03-30 17:00:00";
"2017-03-30 17:10:00";1
"2017-03-30 22:00:00";
"2017-03-30 22:10:00";1
"2017-03-30 22:20:00";0
"2017-03-31 03:00:00";
"2017-03-31 03:10:00";1
"2017-03-31 08:00:00";
"2017-03-31 08:10:00";1
"2017-03-31 13:00:00";
"2017-03-31 13:10:00";1
"2017-03-31 18:00:00";
"2017-03-31 18:10:00";1
"2017-03-31 22:00:00";0
"2017-03-31 23:00:00";
"2017-03-31 23:10:00";0
"2017-04-01 02:50:00";1
"2017-04-01 04:00:00";
"2017-04-01 04:10:00";1
"2017-04-01 09:00:00";
"2017-04-01 09:10:00";1
"2017-04-01 13:50:00";
"2017-04-01 14:00:00";1
"2017-04-01 18:50:00";
"2017-04-01 19:00:00";1
"2017-04-01 22:10:00";0
"2017-04-01 23:50:00";
"2017-04-02 00:10:00";0
"2017-04-02 04:50:00";
"2017-04-02 05:00:00";0
"2017-04-02 09:50:00";
"2017-04-02 10:00:00";0
"2017-04-02 14:50:00";
"2017-04-02 15:00:00";0
"2017-04-02 19:50:00";
"2017-04-02 20:00:00";0
"2017-04-03 00:50:00";
"2017-04-03 01:00:00";0
"2017-04-03 03:00:00";1
"2017-04-03 05:50:00";
"2017-04-03 06:00:00";1
"2017-04-03 10:40:00";
"2017-04-03 10:50:00";1
"2017-04-03 15:40:00";
"2017-04-03 15:50:00";1
"2017-04-03 20:40:00";
"2017-04-03 20:50:00";1
"2017-04-03 22:10:00";0
"2017-04-04 01:40:00";
"2017-04-04 01:50:00";0
"2017-04-04 03:00:00";1
"2017-04-04 06:40:00";
"2017-04-04 06:50:00";1
"2017-04-04 11:40:00";
"2017-04-04 11:50:00";1
"2017-04-04 16:40:00";
"2017-04-04 16:50:00";1
"2017-04-04 21:30:00";
"2017-04-04 21:40:00";1
"2017-04-04 22:20:00";0
"2017-04-05 02:30:00";
"2017-04-05 02:40:00";0
"2017-04-05 03:00:00";1
"2017-04-05 07:30:00";
"2017-04-05 07:40:00";1
"2017-04-05 12:30:00";
"2017-04-05 12:40:00";1
"2017-04-05 17:30:00";
"2017-04-05 17:40:00";1
"2017-04-05 22:10:00";0
"2017-04-05 22:30:00";
"2017-04-05 22:40:00";0
"2017-04-06 02:50:00";1
"2017-04-06 03:30:00";
"2017-04-06 03:40:00";1
"2017-04-06 08:30:00";
"2017-04-06 08:40:00";1
"2017-04-06 13:30:00";
"2017-04-06 13:40:00";1
"2017-04-06 18:20:00";
"2017-04-06 18:30:00";1
"2017-04-06 22:10:00";0
"2017-04-06 23:20:00";
"2017-04-06 23:30:00";0
"2017-04-07 03:00:00";1
"2017-04-07 04:20:00";
"2017-04-07 04:30:00";1
"2017-04-07 09:20:00";
"2017-04-07 09:30:00";1
"2017-04-07 14:20:00";
"2017-04-07 14:30:00";1
"2017-04-07 19:20:00";
"2017-04-07 19:30:00";1
"2017-04-07 22:00:00";0
"2017-04-08 00:20:00";
"2017-04-08 00:30:00";0
"2017-04-08 03:00:00";1
"2017-04-08 05:20:00";
"2017-04-08 05:30:00";1
"2017-04-08 10:20:00";
"2017-04-08 10:30:00";1
"2017-04-08 15:10:00";
"2017-04-08 15:20:00";1
"2017-04-08 20:10:00";
"2017-04-08 20:20:00";1
"2017-04-08 22:20:00";0
"2017-04-09 01:10:00";
"2017-04-09 01:20:00";0
"2017-04-09 06:10:00";
"2017-04-09 06:20:00";0
"2017-04-09 11:10:00";
"2017-04-09 11:20:00";0
"2017-04-09 16:10:00";
"2017-04-09 16:20:00";0
"2017-04-09 21:10:00";
"2017-04-09 21:20:00";0
"2017-04-10 02:10:00";
"2017-04-10 02:20:00";0
"2017-04-10 03:00:00";1
"2017-04-10 07:10:00";
"2017-04-10 07:20:00";1
"2017-04-10 12:00:00";
"2017-04-10 12:10:00";1
"2017-04-10 17:00:00";
"2017-04-10 17:10:00";1
"2017-04-10 22:00:00";
"2017-04-10 22:10:00";0
"2017-04-11 02:50:00";1
"2017-04-11 03:00:00";
"2017-04-11 03:10:00";1
"2017-04-11 08:00:00";
"2017-04-11 08:10:00";1
"2017-04-11 13:00:00";
"2017-04-11 13:10:00";1
"2017-04-11 18:00:00";
"2017-04-11 18:10:00";1
"2017-04-11 22:10:00";0
"2017-04-11 23:00:00";
"2017-04-11 23:10:00";0
"2017-04-12 02:50:00";1
"2017-04-12 04:00:00";
"2017-04-12 04:10:00";1
"2017-04-12 08:50:00";
"2017-04-12 09:00:00";1
"2017-04-12 13:50:00";
"2017-04-12 14:00:00";1
"2017-04-12 18:50:00";
"2017-04-12 19:00:00";1
"2017-04-12 22:10:00";0
"2017-04-12 23:50:00";
"2017-04-13 00:00:00";0
"2017-04-13 02:50:00";1
"2017-04-13 04:50:00";
"2017-04-13 05:00:00";1
"2017-04-13 09:50:00";
"2017-04-13 10:00:00";1
"2017-04-13 14:50:00";
"2017-04-13 15:00:00";1
"2017-04-13 19:40:00";
"2017-04-13 19:50:00";1
"2017-04-13 22:20:00";0
"2017-04-14 00:40:00";
"2017-04-14 00:50:00";0
"2017-04-14 03:00:00";1
"2017-04-14 05:40:00";
"2017-04-14 05:50:00";1
"2017-04-14 10:40:00";
"2017-04-14 10:50:00";1
"2017-04-14 15:40:00";
"2017-04-14 15:50:00";1
"2017-04-14 20:40:00";
"2017-04-14 20:50:00";1
"2017-04-14 22:10:00";0
"2017-04-15 01:40:00";
"2017-04-15 01:50:00";0
"2017-04-15 03:00:00";1
"2017-04-15 06:40:00";
"2017-04-15 06:50:00";1
"2017-04-15 11:40:00";
"2017-04-15 11:50:00";1
"2017-04-15 16:30:00";
"2017-04-15 16:40:00";1
"2017-04-15 21:30:00";
"2017-04-15 21:40:00";1
"2017-04-15 22:20:00";0
"2017-04-16 02:30:00";
"2017-04-16 02:40:00";0
"2017-04-16 07:30:00";
"2017-04-16 07:40:00";0
"2017-04-16 12:30:00";
"2017-04-16 12:40:00";0
"2017-04-16 17:30:00";
"2017-04-16 17:40:00";0
"2017-04-16 22:30:00";
"2017-04-16 22:40:00";0
"2017-04-17 02:50:00";1
"2017-04-17 03:30:00";
"2017-04-17 03:40:00";1
"2017-04-17 08:30:00";
"2017-04-17 08:40:00";1
"2017-04-17 13:20:00";
"2017-04-17 13:30:00";1
"2017-04-17 18:20:00";
"2017-04-17 18:30:00";1
"2017-04-17 20:30:00";0
"2017-04-17 23:20:00";
"2017-04-17 23:30:00";0
"2017-04-18 02:50:00";1
"2017-04-18 04:20:00";
"2017-04-18 04:30:00";1
"2017-04-18 09:20:00";
"2017-04-18 09:30:00";1
"2017-04-18 14:20:00";
"2017-04-18 14:30:00";1
"2017-04-18 19:20:00";
"2017-04-18 19:30:00";1
"2017-04-18 22:10:00";0
"2017-04-19 00:10:00";
"2017-04-19 00:20:00";0
"2017-04-19 02:50:00";1
"2017-04-19 05:10:00";
"2017-04-19 05:20:00";1
"2017-04-19 10:10:00";
"2017-04-19 10:20:00";1
"2017-04-19 15:10:00";
"2017-04-19 15:20:00";1
"2017-04-19 20:10:00";
"2017-04-19 20:20:00";1
"2017-04-19 22:20:00";0
"2017-04-20 01:10:00";
"2017-04-20 01:20:00";0
"2017-04-20 03:00:00";1
"2017-04-20 06:10:00";
"2017-04-20 06:20:00";1
"2017-04-20 11:00:00";
"2017-04-20 11:10:00";1
"2017-04-20 16:00:00";
"2017-04-20 16:10:00";1
"2017-04-20 21:00:00";
"2017-04-20 21:10:00";1
"2017-04-20 22:20:00";0
"2017-04-21 02:00:00";
"2017-04-21 02:10:00";0
"2017-04-21 03:00:00";1
"2017-04-21 07:00:00";
"2017-04-21 07:10:00";1
"2017-04-21 12:00:00";
"2017-04-21 12:10:00";1
"2017-04-21 17:00:00";
"2017-04-21 17:10:00";1
"2017-04-21 22:00:00";
"2017-04-21 22:10:00";0
"2017-04-22 02:50:00";1
"2017-04-22 03:00:00";
"2017-04-22 03:10:00";1
"2017-04-22 07:50:00";
"2017-04-22 08:00:00";1
"2017-04-22 13:00:00";
"2017-04-22 13:10:00";1
"2017-04-22 17:50:00";
"2017-04-22 18:00:00";1
"2017-04-22 22:10:00";0
"2017-04-22 22:50:00";
"2017-04-22 23:00:00";0
"2017-04-23 03:50:00";
"2017-04-23 04:00:00";0
"2017-04-23 08:50:00";
"2017-04-23 09:00:00";0
"2017-04-23 13:50:00";
"2017-04-23 14:00:00";0
"2017-04-23 18:50:00";
"2017-04-23 19:00:00";0
"2017-04-23 23:50:00";
"2017-04-24 00:00:00";0
"2017-04-24 03:00:00";1
"2017-04-24 04:40:00";
"2017-04-24 04:50:00";1
"2017-04-24 09:40:00";
"2017-04-24 09:50:00";1
"2017-04-24 14:40:00";
"2017-04-24 14:50:00";1
"2017-04-24 19:40:00";
"2017-04-24 19:50:00";1
"2017-04-24 22:10:00";0
"2017-04-25 00:40:00";
"2017-04-25 00:50:00";0
"2017-04-25 03:00:00";1
"2017-04-25 05:40:00";
"2017-04-25 05:50:00";1
"2017-04-25 10:40:00";
"2017-04-25 10:50:00";1
"2017-04-25 15:40:00";
"2017-04-25 15:50:00";1
"2017-04-25 20:30:00";
"2017-04-25 20:40:00";1
"2017-04-25 22:20:00";0
"2017-04-26 01:30:00";
"2017-04-26 01:40:00";0
"2017-04-26 03:00:00";1
"2017-04-26 06:30:00";
"2017-04-26 06:40:00";1
"2017-04-26 11:30:00";
"2017-04-26 11:40:00";1
"2017-04-26 16:30:00";
"2017-04-26 16:40:00";1
"2017-04-26 21:30:00";
"2017-04-26 21:40:00";1
"2017-04-26 22:20:00";0
"2017-04-27 02:30:00";
"2017-04-27 02:40:00";0
"2017-04-27 03:00:00";1
"2017-04-27 07:30:00";
"2017-04-27 07:40:00";1
"2017-04-27 12:30:00";
"2017-04-27 12:40:00";1
"2017-04-27 17:20:00";
"2017-04-27 17:30:00";1
"2017-04-27 22:10:00";0
"2017-04-27 22:20:00";
"2017-04-27 22:30:00";0
"2017-04-28 03:00:00";1
"2017-04-28 03:20:00";
"2017-04-28 03:30:00";1
"2017-04-28 08:20:00";
"2017-04-28 08:30:00";1
"2017-04-28 13:20:00";
"2017-04-28 13:30:00";1
"2017-04-28 18:20:00";
"2017-04-28 18:30:00";1
"2017-04-28 22:00:00";0
"2017-04-28 23:20:00";
"2017-04-28 23:30:00";0
"2017-04-29 02:50:00";1
"2017-04-29 04:20:00";
"2017-04-29 04:30:00";1
"2017-04-29 09:20:00";
"2017-04-29 09:30:00";1
"2017-04-29 14:10:00";
"2017-04-29 14:20:00";1
"2017-04-29 19:10:00";
"2017-04-29 19:20:00";1
"2017-04-29 22:10:00";0
"2017-04-30 00:10:00";
"2017-04-30 00:20:00";0
"2017-04-30 05:10:00";
"2017-04-30 05:20:00";0
"2017-04-30 10:10:00";
"2017-04-30 10:20:00";0
"2017-04-30 15:10:00";
"2017-04-30 15:20:00";0
"2017-04-30 20:10:00";
"2017-04-30 20:20:00";0
"2017-05-01 01:10:00";
"2017-05-01 01:20:00";0
"2017-05-01 06:10:00";
"2017-05-01 06:20:00";0
"2017-05-01 11:00:00";
"2017-05-01 11:10:00";0
"2017-05-01 16:00:00";
"2017-05-01 16:10:00";0
"2017-05-01 21:00:00";
"2017-05-01 21:10:00";0
"2017-05-02 02:00:00";
"2017-05-02 02:10:00";0
"2017-05-02 03:00:00";1
"2017-05-02 07:00:00";
"2017-05-02 07:10:00";1
"2017-05-02 12:00:00";
"2017-05-02 12:10:00";1
"2017-05-02 17:00:00";
"2017-05-02 17:10:00";1
"2017-05-02 21:50:00";
"2017-05-02 22:00:00";1
"2017-05-02 22:20:00";0
"2017-05-03 02:50:00";
"2017-05-03 03:00:00";1
"2017-05-03 07:50:00";
"2017-05-03 08:00:00";1
"2017-05-03 12:50:00";
"2017-05-03 13:00:00";1
"2017-05-03 17:50:00";
"2017-05-03 18:00:00";1
"2017-05-03 22:10:00";0
"2017-05-03 22:50:00";
"2017-05-03 23:00:00";0
"2017-05-04 02:50:00";1
"2017-05-04 03:50:00";
"2017-05-04 04:00:00";1
"2017-05-04 08:50:00";
"2017-05-04 09:00:00";1
"2017-05-04 13:50:00";
"2017-05-04 14:00:00";1
"2017-05-04 18:40:00";
"2017-05-04 18:50:00";1
"2017-05-04 22:10:00";0
"2017-05-04 23:40:00";
"2017-05-04 23:50:00";0
"2017-05-05 03:00:00";1
"2017-05-05 04:40:00";
"2017-05-05 04:50:00";1
"2017-05-05 09:40:00";
"2017-05-05 09:50:00";1
"2017-05-05 14:40:00";
"2017-05-05 14:50:00";1
"2017-05-05 19:40:00";
"2017-05-05 19:50:00";1
"2017-05-05 22:10:00";0
"2017-05-06 00:40:00";
"2017-05-06 00:50:00";0
"2017-05-06 03:00:00";1
"2017-05-06 05:40:00";
"2017-05-06 05:50:00";1
"2017-05-06 10:40:00";
"2017-05-06 10:50:00";1
"2017-05-06 15:30:00";
"2017-05-06 15:40:00";1
"2017-05-06 20:30:00";
"2017-05-06 20:40:00";1
"2017-05-06 22:20:00";0
"2017-05-07 01:30:00";
"2017-05-07 01:40:00";0
"2017-05-07 06:30:00";
"2017-05-07 06:40:00";0
"2017-05-07 11:30:00";
"2017-05-07 11:40:00";0
"2017-05-07 16:30:00";
"2017-05-07 16:40:00";0
"2017-05-07 21:30:00";
"2017-05-07 21:40:00";0
"2017-05-08 02:30:00";
"2017-05-08 02:40:00";0
"2017-05-08 03:00:00";1
"2017-05-08 07:20:00";
"2017-05-08 07:30:00";1
"2017-05-08 12:20:00";
"2017-05-08 12:30:00";1
"2017-05-08 17:20:00";
"2017-05-08 17:30:00";1
"2017-05-08 20:30:00";0
"2017-05-08 22:20:00";
"2017-05-08 22:30:00";0
"2017-05-09 02:50:00";1
"2017-05-09 03:20:00";
"2017-05-09 03:30:00";1
"2017-05-09 08:20:00";
"2017-05-09 08:30:00";1
"2017-05-09 13:10:00";
"2017-05-09 13:20:00";1
"2017-05-09 18:20:00";
"2017-05-09 18:30:00";1
"2017-05-09 22:10:00";0
"2017-05-09 23:10:00";
"2017-05-09 23:20:00";0
"2017-05-10 02:50:00";1
"2017-05-10 04:10:00";
"2017-05-10 04:20:00";1
"2017-05-10 09:10:00";
"2017-05-10 09:20:00";1
"2017-05-10 14:10:00";
"2017-05-10 14:20:00";1
"2017-05-10 19:10:00";
"2017-05-10 19:20:00";1
"2017-05-10 22:10:00";0
"2017-05-11 00:10:00";
"2017-05-11 00:20:00";0
"2017-05-11 02:50:00";1
"2017-05-11 05:10:00";
"2017-05-11 05:20:00";1
"2017-05-11 10:00:00";
"2017-05-11 10:10:00";1
"2017-05-11 15:00:00";
"2017-05-11 15:10:00";1
"2017-05-11 20:00:00";
"2017-05-11 20:10:00";1
"2017-05-11 22:20:00";0
"2017-05-12 01:00:00";
"2017-05-12 01:10:00";0
"2017-05-12 03:00:00";1
"2017-05-12 06:00:00";
"2017-05-12 06:10:00";1
"2017-05-12 11:00:00";
"2017-05-12 11:10:00";1
"2017-05-12 16:00:00";
"2017-05-12 16:10:00";1
"2017-05-12 21:00:00";
"2017-05-12 21:10:00";1
"2017-05-12 22:10:00";0
"2017-05-13 02:00:00";
"2017-05-13 02:10:00";0
"2017-05-13 03:00:00";1
"2017-05-13 07:00:00";
"2017-05-13 07:10:00";1
"2017-05-13 12:00:00";
"2017-05-13 12:10:00";1
"2017-05-13 16:50:00";
"2017-05-13 17:00:00";1
"2017-05-13 21:50:00";
"2017-05-13 22:00:00";1
"2017-05-13 22:20:00";0
"2017-05-14 02:50:00";
"2017-05-14 03:00:00";0
"2017-05-14 07:50:00";
"2017-05-14 08:00:00";0
"2017-05-14 12:50:00";
"2017-05-14 13:00:00";0
"2017-05-14 17:50:00";
"2017-05-14 18:00:00";0
"2017-05-14 22:50:00";
"2017-05-14 23:00:00";0
"2017-05-15 03:00:00";1
"2017-05-15 03:40:00";
"2017-05-15 03:50:00";1
"2017-05-15 08:40:00";
"2017-05-15 08:50:00";1
"2017-05-15 13:40:00";
"2017-05-15 13:50:00";1
"2017-05-15 18:40:00";
"2017-05-15 18:50:00";1
"2017-05-15 22:00:00";0
"2017-05-15 23:40:00";
"2017-05-15 23:50:00";0
"2017-05-16 02:50:00";1
"2017-05-16 04:40:00";
"2017-05-16 04:50:00";1
"2017-05-16 09:40:00";
"2017-05-16 09:50:00";1
"2017-05-16 14:40:00";
"2017-05-16 14:50:00";1
"2017-05-16 19:40:00";
"2017-05-16 19:50:00";1
"2017-05-16 22:10:00";0
"2017-05-17 00:30:00";
"2017-05-17 00:40:00";0
"2017-05-17 03:00:00";1
"2017-05-17 05:30:00";
"2017-05-17 05:40:00";1
"2017-05-17 10:30:00";
"2017-05-17 10:40:00";1
"2017-05-17 15:30:00";
"2017-05-17 15:40:00";1
"2017-05-17 20:30:00";
"2017-05-17 20:40:00";1
"2017-05-17 22:20:00";0
"2017-05-18 01:30:00";
"2017-05-18 01:40:00";0
"2017-05-18 03:00:00";1
"2017-05-18 06:30:00";
"2017-05-18 06:40:00";1
"2017-05-18 11:30:00";
"2017-05-18 11:40:00";1
"2017-05-18 16:30:00";
"2017-05-18 16:40:00";1
"2017-05-18 21:20:00";
"2017-05-18 21:30:00";1
"2017-05-18 22:20:00";0
"2017-05-19 02:20:00";
"2017-05-19 02:30:00";0
"2017-05-19 03:00:00";1
"2017-05-19 07:20:00";
"2017-05-19 07:30:00";1
"2017-05-19 12:20:00";
"2017-05-19 12:30:00";1
"2017-05-19 17:20:00";
"2017-05-19 17:30:00";1
"2017-05-19 22:00:00";0
"2017-05-19 22:20:00";
"2017-05-19 22:30:00";0
"2017-05-20 02:50:00";1
"2017-05-20 03:20:00";
"2017-05-20 03:30:00";1
"2017-05-20 08:20:00";
"2017-05-20 08:30:00";1
"2017-05-20 13:20:00";
"2017-05-20 13:30:00";1
"2017-05-20 18:10:00";
"2017-05-20 18:20:00";1
"2017-05-20 22:10:00";0
"2017-05-20 23:10:00";
"2017-05-20 23:20:00";0
"2017-05-21 04:10:00";
"2017-05-21 04:20:00";0
"2017-05-21 09:10:00";
"2017-05-21 09:20:00";0
"2017-05-21 14:10:00";
"2017-05-21 14:20:00";0
"2017-05-21 19:10:00";
"2017-05-21 19:20:00";0
"2017-05-22 00:10:00";
"2017-05-22 00:20:00";0
"2017-05-22 03:00:00";1
"2017-05-22 05:00:00";
"2017-05-22 05:10:00";1
"2017-05-22 10:00:00";
"2017-05-22 10:10:00";1
"2017-05-22 15:00:00";
"2017-05-22 15:10:00";1
"2017-05-22 20:00:00";
"2017-05-22 20:10:00";1
"2017-05-22 22:10:00";0
"2017-05-23 01:00:00";
"2017-05-23 01:10:00";0
"2017-05-23 03:00:00";1
"2017-05-23 06:00:00";
"2017-05-23 06:10:00";1
"2017-05-23 11:00:00";
"2017-05-23 11:10:00";1
"2017-05-23 16:00:00";
"2017-05-23 16:10:00";1
"2017-05-23 20:50:00";
"2017-05-23 21:00:00";1
"2017-05-23 22:20:00";0
"2017-05-24 01:50:00";
"2017-05-24 02:00:00";0
"2017-05-24 03:00:00";1
"2017-05-24 06:50:00";
"2017-05-24 07:00:00";1
"2017-05-24 11:50:00";
"2017-05-24 12:00:00";1
"2017-05-24 16:50:00";
"2017-05-24 17:00:00";1
"2017-05-24 21:50:00";
"2017-05-24 22:00:00";1
"2017-05-24 22:20:00";0
"2017-05-25 02:50:00";
"2017-05-25 03:00:00";1
"2017-05-25 07:50:00";
"2017-05-25 08:00:00";1
"2017-05-25 12:50:00";
"2017-05-25 13:00:00";1
"2017-05-25 17:40:00";
"2017-05-25 17:50:00";1
"2017-05-25 20:30:00";0
"2017-05-25 22:40:00";
"2017-05-25 22:50:00";0
"2017-05-26 03:00:00";1
"2017-05-26 03:40:00";
"2017-05-26 03:50:00";1
"2017-05-26 08:40:00";
"2017-05-26 08:50:00";1
"2017-05-26 13:40:00";
"2017-05-26 13:50:00";1
"2017-05-26 18:40:00";
"2017-05-26 18:50:00";1
"2017-05-26 22:00:00";0
"2017-05-26 23:40:00";
"2017-05-26 23:50:00";0
"2017-05-27 02:50:00";1
"2017-05-27 04:40:00";
"2017-05-27 04:50:00";1
"2017-05-27 09:40:00";
"2017-05-27 09:50:00";1
"2017-05-27 14:30:00";
"2017-05-27 14:40:00";1
"2017-05-27 19:30:00";
"2017-05-27 19:40:00";1
"2017-05-27 22:10:00";0
"2017-05-28 00:30:00";
"2017-05-28 00:40:00";0
"2017-05-28 05:30:00";
"2017-05-28 05:40:00";0
"2017-05-28 10:30:00";
"2017-05-28 10:40:00";0
"2017-05-28 15:30:00";
"2017-05-28 15:40:00";0
"2017-05-28 20:30:00";
"2017-05-28 20:40:00";0
"2017-05-29 01:20:00";
"2017-05-29 01:30:00";0
"2017-05-29 03:00:00";1
"2017-05-29 06:20:00";
"2017-05-29 06:30:00";1
"2017-05-29 11:20:00";
"2017-05-29 11:30:00";1
"2017-05-29 16:20:00";
"2017-05-29 16:30:00";1
"2017-05-29 21:20:00";
"2017-05-29 21:30:00";1
"2017-05-29 22:10:00";0
"2017-05-30 02:20:00";
"2017-05-30 02:30:00";0
"2017-05-30 03:00:00";1
"2017-05-30 07:20:00";
"2017-05-30 07:30:00";1
"2017-05-30 12:20:00";
"2017-05-30 12:30:00";1
"2017-05-30 17:20:00";
"2017-05-30 17:30:00";1
"2017-05-30 22:10:00";
"2017-05-30 22:20:00";0
"2017-05-31 02:50:00";1
"2017-05-31 03:10:00";
"2017-05-31 03:20:00";1
"2017-05-31 08:10:00";
"2017-05-31 08:20:00";1
"2017-05-31 13:10:00";
"2017-05-31 13:20:00";1
"2017-05-31 18:10:00";
"2017-05-31 18:20:00";1
"2017-05-31 22:10:00";0
"2017-05-31 23:10:00";
"2017-05-31 23:20:00";0
"2017-06-01 02:50:00";1
"2017-06-01 04:10:00";
"2017-06-01 04:20:00";1
"2017-06-01 09:10:00";
"2017-06-01 09:20:00";1
"2017-06-01 14:10:00";
"2017-06-01 14:20:00";1
"2017-06-01 19:00:00";
"2017-06-01 19:10:00";1
"2017-06-01 22:10:00";0
"2017-06-02 00:00:00";
"2017-06-02 00:10:00";0
"2017-06-02 03:00:00";1
"2017-06-02 05:00:00";
"2017-06-02 05:10:00";1
"2017-06-02 10:00:00";
"2017-06-02 10:10:00";1
"2017-06-02 15:00:00";
"2017-06-02 15:10:00";1
"2017-06-02 20:00:00";
"2017-06-02 20:10:00";1
"2017-06-02 22:10:00";0
"2017-06-03 01:00:00";
"2017-06-03 01:10:00";0
"2017-06-03 03:00:00";1
"2017-06-03 06:00:00";
"2017-06-03 06:10:00";1
"2017-06-03 11:00:00";
"2017-06-03 11:10:00";1
"2017-06-03 15:50:00";
"2017-06-03 16:00:00";1
"2017-06-03 20:50:00";
"2017-06-03 21:00:00";1
"2017-06-03 22:20:00";0
"2017-06-04 01:50:00";
"2017-06-04 02:00:00";0
"2017-06-04 06:50:00";
"2017-06-04 07:00:00";0
"2017-06-04 11:50:00";
"2017-06-04 12:00:00";0
"2017-06-04 16:50:00";
"2017-06-04 17:00:00";0
"2017-06-04 21:50:00";
"2017-06-04 22:00:00";0
"2017-06-05 02:40:00";
"2017-06-05 02:50:00";0
"2017-06-05 03:00:00";1
"2017-06-05 07:40:00";
"2017-06-05 07:50:00";1
"2017-06-05 12:40:00";
"2017-06-05 12:50:00";1
"2017-06-05 17:40:00";
"2017-06-05 17:50:00";1
"2017-06-05 20:30:00";0
"2017-06-05 22:40:00";
"2017-06-05 22:50:00";0
"2017-06-06 02:50:00";1
"2017-06-06 03:40:00";
"2017-06-06 03:50:00";1
"2017-06-06 08:40:00";
"2017-06-06 08:50:00";1
"2017-06-06 13:40:00";
"2017-06-06 13:50:00";1
"2017-06-06 18:30:00";
"2017-06-06 18:40:00";1
"2017-06-06 22:10:00";0
"2017-06-06 23:30:00";
"2017-06-06 23:40:00";0
"2017-06-07 02:50:00";1
"2017-06-07 04:30:00";
"2017-06-07 04:40:00";1
"2017-06-07 09:30:00";
"2017-06-07 09:40:00";1
"2017-06-07 14:30:00";
"2017-06-07 14:40:00";1
"2017-06-07 19:30:00";
"2017-06-07 19:40:00";1
"2017-06-07 22:10:00";0
"2017-06-08 00:30:00";
"2017-06-08 00:40:00";0
"2017-06-08 03:00:00";1
"2017-06-08 05:30:00";
"2017-06-08 05:40:00";1
"2017-06-08 10:20:00";
"2017-06-08 10:30:00";1
"2017-06-08 15:20:00";
"2017-06-08 15:30:00";1
"2017-06-08 20:20:00";
"2017-06-08 20:30:00";1
"2017-06-08 22:20:00";0
"2017-06-09 01:20:00";
"2017-06-09 01:30:00";0
"2017-06-09 03:00:00";1
"2017-06-09 06:20:00";
"2017-06-09 06:30:00";1
"2017-06-09 11:20:00";
"2017-06-09 11:30:00";1
"2017-06-09 16:20:00";
"2017-06-09 16:30:00";1
"2017-06-09 21:20:00";
"2017-06-09 21:30:00";1
"2017-06-09 22:10:00";0
"2017-06-09 23:50:00";0
"2017-06-10 00:00:00";0
"2017-06-10 02:20:00";
"2017-06-10 02:30:00";0
"2017-06-10 03:00:00";1
"2017-06-10 07:10:00";
"2017-06-10 07:20:00";1
"2017-06-10 12:10:00";
"2017-06-10 12:20:00";1
"2017-06-10 17:10:00";
"2017-06-10 17:20:00";1
"2017-06-10 22:10:00";
"2017-06-10 22:20:00";0
"2017-06-11 03:10:00";
"2017-06-11 03:20:00";0
"2017-06-11 08:10:00";
"2017-06-11 08:20:00";0
"2017-06-11 13:10:00";
"2017-06-11 13:20:00";0
"2017-06-11 18:10:00";
"2017-06-11 18:20:00";0
"2017-06-11 23:10:00";
"2017-06-11 23:20:00";0
"2017-06-12 03:00:00";1
"2017-06-12 04:00:00";
"2017-06-12 04:10:00";1
"2017-06-12 09:00:00";
"2017-06-12 09:10:00";1
"2017-06-12 14:00:00";
"2017-06-12 14:10:00";1
"2017-06-12 19:00:00";
"2017-06-12 19:10:00";1
"2017-06-12 22:00:00";0
"2017-06-13 00:00:00";
"2017-06-13 00:10:00";0
"2017-06-13 02:50:00";1
"2017-06-13 05:00:00";
"2017-06-13 05:10:00";1
"2017-06-13 10:00:00";
"2017-06-13 10:10:00";1
"2017-06-13 14:50:00";
"2017-06-13 15:00:00";1
"2017-06-13 19:50:00";
"2017-06-13 20:00:00";1
"2017-06-13 22:20:00";0
"2017-06-14 00:50:00";
"2017-06-14 01:00:00";0
"2017-06-14 03:00:00";1
"2017-06-14 05:50:00";
"2017-06-14 06:00:00";1
"2017-06-14 10:50:00";
"2017-06-14 11:00:00";1
"2017-06-14 15:50:00";
"2017-06-14 16:00:00";1
"2017-06-14 20:50:00";
"2017-06-14 21:00:00";1
"2017-06-14 22:20:00";0
"2017-06-15 01:50:00";
"2017-06-15 02:00:00";0
"2017-06-15 03:00:00";1
"2017-06-15 06:40:00";
"2017-06-15 06:50:00";1
"2017-06-15 11:40:00";
"2017-06-15 11:50:00";1
"2017-06-15 16:40:00";
"2017-06-15 16:50:00";1
"2017-06-15 21:40:00";
"2017-06-15 21:50:00";1
"2017-06-15 22:20:00";0
"2017-06-16 02:40:00";
"2017-06-16 02:50:00";0
"2017-06-16 03:00:00";1
"2017-06-16 07:40:00";
"2017-06-16 07:50:00";1
"2017-06-16 12:40:00";
"2017-06-16 12:50:00";1
"2017-06-16 17:40:00";
"2017-06-16 17:50:00";1
"2017-06-16 22:00:00";0
"2017-06-16 22:40:00";
"2017-06-16 22:50:00";0
"2017-06-17 02:50:00";1
"2017-06-17 03:40:00";
"2017-06-17 03:50:00";1
"2017-06-17 08:40:00";
"2017-06-17 08:50:00";1
"2017-06-17 13:40:00";
"2017-06-17 13:50:00";1
"2017-06-17 18:30:00";
"2017-06-17 18:40:00";1
"2017-06-17 22:10:00";0
"2017-06-17 23:30:00";
"2017-06-17 23:40:00";0
"2017-06-18 04:30:00";
"2017-06-18 04:40:00";0
"2017-06-18 09:30:00";
"2017-06-18 09:40:00";0
"2017-06-18 14:30:00";
"2017-06-18 14:40:00";0
"2017-06-18 19:30:00";
"2017-06-18 19:40:00";0
"2017-06-19 00:20:00";
"2017-06-19 00:30:00";0
"2017-06-19 03:00:00";1
"2017-06-19 05:20:00";
"2017-06-19 05:30:00";1
"2017-06-19 10:20:00";
"2017-06-19 10:30:00";1
"2017-06-19 15:20:00";
"2017-06-19 15:30:00";1
"2017-06-19 20:20:00";
"2017-06-19 20:30:00";1
"2017-06-19 22:10:00";0
"2017-06-20 01:20:00";
"2017-06-20 01:30:00";0
"2017-06-20 03:00:00";1
"2017-06-20 06:20:00";
"2017-06-20 06:30:00";1
"2017-06-20 11:20:00";
"2017-06-20 11:30:00";1
"2017-06-20 16:20:00";
"2017-06-20 16:30:00";1
"2017-06-20 21:10:00";
"2017-06-20 21:20:00";1
"2017-06-20 22:20:00";0
"2017-06-21 02:10:00";
"2017-06-21 02:20:00";0
"2017-06-21 03:00:00";1
"2017-06-21 07:10:00";
"2017-06-21 07:20:00";1
"2017-06-21 12:10:00";
"2017-06-21 12:20:00";1
"2017-06-21 17:10:00";
"2017-06-21 17:20:00";1
"2017-06-21 22:10:00";
"2017-06-21 22:20:00";0
"2017-06-22 02:50:00";1
"2017-06-22 03:10:00";
"2017-06-22 03:20:00";1
"2017-06-22 08:00:00";
"2017-06-22 08:10:00";1
"2017-06-22 13:00:00";
"2017-06-22 13:10:00";1
"2017-06-22 18:00:00";
"2017-06-22 18:10:00";1
"2017-06-22 22:10:00";0
"2017-06-22 23:00:00";
"2017-06-22 23:10:00";0
"2017-06-23 03:00:00";1
"2017-06-23 04:00:00";
"2017-06-23 04:10:00";1
"2017-06-23 09:00:00";
"2017-06-23 09:10:00";1
"2017-06-23 14:00:00";
"2017-06-23 14:10:00";1
"2017-06-23 19:00:00";
"2017-06-23 19:10:00";1
"2017-06-23 22:00:00";0
"2017-06-23 23:50:00";
"2017-06-24 00:10:00";0
"2017-06-24 02:50:00";1
"2017-06-24 04:50:00";
"2017-06-24 05:00:00";1
"2017-06-24 09:50:00";
"2017-06-24 10:00:00";1
"2017-06-24 14:50:00";
"2017-06-24 15:00:00";1
"2017-06-24 19:50:00";
"2017-06-24 20:00:00";1
"2017-06-24 22:20:00";0
"2017-06-25 00:50:00";
"2017-06-25 01:00:00";0
"2017-06-25 05:50:00";
"2017-06-25 06:00:00";0
"2017-06-25 10:50:00";
"2017-06-25 11:00:00";0
"2017-06-25 15:50:00";
"2017-06-25 16:00:00";0
"2017-06-25 20:40:00";
"2017-06-25 20:50:00";0
"2017-06-26 01:40:00";
"2017-06-26 01:50:00";0
"2017-06-26 03:00:00";1
"2017-06-26 06:40:00";
"2017-06-26 06:50:00";1
"2017-06-26 11:40:00";
"2017-06-26 11:50:00";1
"2017-06-26 16:40:00";
"2017-06-26 16:50:00";1
"2017-06-26 21:40:00";
"2017-06-26 21:50:00";1
"2017-06-26 22:10:00";0
"2017-06-27 02:40:00";
"2017-06-27 02:50:00";0
"2017-06-27 03:00:00";1
"2017-06-27 07:40:00";
"2017-06-27 07:50:00";1
"2017-06-27 12:40:00";
"2017-06-27 12:50:00";1
"2017-06-27 17:30:00";
"2017-06-27 17:40:00";1
"2017-06-27 22:10:00";0
"2017-06-27 22:30:00";
"2017-06-27 22:40:00";0
"2017-06-28 02:50:00";1
"2017-06-28 03:30:00";
"2017-06-28 03:40:00";1
"2017-06-28 08:30:00";
"2017-06-28 08:40:00";1
"2017-06-28 13:30:00";
"2017-06-28 13:40:00";1
"2017-06-28 18:30:00";
"2017-06-28 18:40:00";1
"2017-06-28 22:10:00";0
"2017-06-28 23:30:00";
"2017-06-28 23:40:00";0
"2017-06-29 02:50:00";1
"2017-06-29 04:30:00";
"2017-06-29 04:40:00";1
"2017-06-29 09:30:00";
"2017-06-29 09:40:00";1
"2017-06-29 14:20:00";
"2017-06-29 14:30:00";1
"2017-06-29 19:20:00";
"2017-06-29 19:30:00";1
"2017-06-29 22:10:00";0
"2017-06-30 00:20:00";
"2017-06-30 00:30:00";0
"2017-06-30 03:00:00";1
"2017-06-30 05:20:00";
"2017-06-30 05:30:00";1
"2017-06-30 10:20:00";
"2017-06-30 10:30:00";1
"2017-06-30 15:20:00";
"2017-06-30 15:30:00";1
"2017-06-30 20:20:00";
"2017-06-30 20:30:00";1
"2017-06-30 22:10:00";0
"2017-07-01 01:20:00";
"2017-07-01 01:30:00";0
"2017-07-01 03:00:00";1
"2017-07-01 06:10:00";
"2017-07-01 06:20:00";1
"2017-07-01 11:10:00";
"2017-07-01 11:20:00";1
"2017-07-01 16:10:00";
"2017-07-01 16:20:00";1
"2017-07-01 21:10:00";
"2017-07-01 21:20:00";1
"2017-07-01 22:20:00";0
"2017-07-02 02:10:00";
"2017-07-02 02:20:00";0
"2017-07-02 07:10:00";
"2017-07-02 07:20:00";0
"2017-07-02 12:10:00";
"2017-07-02 12:20:00";0
"2017-07-02 17:10:00";
"2017-07-02 17:20:00";0
"2017-07-02 22:10:00";
"2017-07-02 22:20:00";0
"2017-07-03 03:00:00";
"2017-07-03 03:10:00";1
"2017-07-03 08:00:00";
"2017-07-03 08:10:00";1
"2017-07-03 13:00:00";
"2017-07-03 13:10:00";1
"2017-07-03 18:00:00";
"2017-07-03 18:10:00";1
"2017-07-03 22:00:00";0
"2017-07-03 22:50:00";
"2017-07-03 23:20:00";0
"2017-07-04 02:50:00";1
"2017-07-04 04:10:00";
"2017-07-04 04:20:00";1
"2017-07-04 09:10:00";
"2017-07-04 09:20:00";1
"2017-07-04 14:10:00";
"2017-07-04 14:20:00";1
"2017-07-04 19:10:00";
"2017-07-04 19:20:00";1
"2017-07-04 22:10:00";0
"2017-07-05 00:10:00";
"2017-07-05 00:20:00";0
"2017-07-05 02:50:00";1
"2017-07-05 05:10:00";
"2017-07-05 05:20:00";1
"2017-07-05 10:00:00";
"2017-07-05 10:10:00";1
"2017-07-05 15:00:00";
"2017-07-05 15:10:00";1
"2017-07-05 20:00:00";
"2017-07-05 20:10:00";1
"2017-07-05 22:20:00";0
"2017-07-06 01:00:00";
"2017-07-06 01:10:00";0
"2017-07-06 03:00:00";1
"2017-07-06 06:00:00";
"2017-07-06 06:10:00";1
"2017-07-06 11:00:00";
"2017-07-06 11:10:00";1
"2017-07-06 16:00:00";
"2017-07-06 16:10:00";1
"2017-07-06 21:00:00";
"2017-07-06 21:10:00";1
"2017-07-06 22:20:00";0
"2017-07-07 02:00:00";
"2017-07-07 02:10:00";0
"2017-07-07 03:00:00";1
"2017-07-07 07:00:00";
"2017-07-07 07:10:00";1
"2017-07-07 11:50:00";
"2017-07-07 12:00:00";1
"2017-07-07 16:50:00";
"2017-07-07 17:00:00";1
"2017-07-07 21:50:00";
"2017-07-07 22:00:00";1
"2017-07-07 22:10:00";0
"2017-07-08 02:50:00";
"2017-07-08 03:00:00";1
"2017-07-08 07:50:00";
"2017-07-08 08:00:00";1
"2017-07-08 12:50:00";
"2017-07-08 13:00:00";1
"2017-07-08 17:50:00";
"2017-07-08 18:00:00";1
"2017-07-08 22:10:00";0
"2017-07-08 22:40:00";
"2017-07-08 22:50:00";0
"2017-07-09 03:50:00";
"2017-07-09 04:00:00";0
"2017-07-09 08:40:00";
"2017-07-09 08:50:00";0
"2017-07-09 13:40:00";
"2017-07-09 13:50:00";0
"2017-07-09 18:40:00";
"2017-07-09 18:50:00";0
"2017-07-09 23:40:00";
"2017-07-09 23:50:00";0
"2017-07-10 03:00:00";1
"2017-07-10 04:40:00";
"2017-07-10 04:50:00";1
"2017-07-10 09:40:00";
"2017-07-10 09:50:00";1
"2017-07-10 14:40:00";
"2017-07-10 14:50:00";1
"2017-07-10 19:30:00";
"2017-07-10 19:40:00";1
"2017-07-10 22:10:00";0
"2017-07-11 00:30:00";
"2017-07-11 00:40:00";0
"2017-07-11 03:00:00";1
"2017-07-11 05:30:00";
"2017-07-11 05:40:00";1
"2017-07-11 10:30:00";
"2017-07-11 10:40:00";1
"2017-07-11 15:30:00";
"2017-07-11 15:40:00";1
"2017-07-11 20:30:00";
"2017-07-11 20:40:00";1
"2017-07-11 22:20:00";0
"2017-07-12 01:30:00";
"2017-07-12 01:40:00";0
"2017-07-12 03:00:00";1
"2017-07-12 06:30:00";
"2017-07-12 06:40:00";1
"2017-07-12 11:30:00";
"2017-07-12 11:40:00";1
"2017-07-12 16:20:00";
"2017-07-12 16:30:00";1
"2017-07-12 21:20:00";
"2017-07-12 21:30:00";1
"2017-07-12 22:20:00";0
"2017-07-13 02:20:00";
"2017-07-13 02:30:00";0
"2017-07-13 03:00:00";1
"2017-07-13 07:20:00";
"2017-07-13 07:30:00";1
"2017-07-13 12:20:00";
"2017-07-13 12:30:00";1
"2017-07-13 17:20:00";
"2017-07-13 17:30:00";1
"2017-07-13 22:10:00";0
"2017-07-13 22:20:00";
"2017-07-13 22:30:00";0
"2017-07-14 03:00:00";1
"2017-07-14 03:20:00";
"2017-07-14 03:30:00";1
"2017-07-14 08:20:00";
"2017-07-14 08:30:00";1
"2017-07-14 13:10:00";
"2017-07-14 13:20:00";1
"2017-07-14 18:10:00";
"2017-07-14 18:20:00";1
"2017-07-14 20:30:00";0
"2017-07-14 23:10:00";
"2017-07-14 23:20:00";0
"2017-07-15 02:50:00";1
"2017-07-15 04:10:00";
"2017-07-15 04:20:00";1
"2017-07-15 09:10:00";
"2017-07-15 09:20:00";1
"2017-07-15 14:10:00";
"2017-07-15 14:20:00";1
"2017-07-15 19:10:00";
"2017-07-15 19:20:00";1
"2017-07-15 22:10:00";0
"2017-07-16 00:00:00";
"2017-07-16 00:10:00";0
"2017-07-16 05:00:00";
"2017-07-16 05:10:00";0
"2017-07-16 10:00:00";
"2017-07-16 10:10:00";0
"2017-07-16 15:00:00";
"2017-07-16 15:10:00";0
"2017-07-16 20:00:00";
"2017-07-16 20:10:00";0
"2017-07-17 01:00:00";
"2017-07-17 01:10:00";0
"2017-07-17 03:00:00";1
"2017-07-17 06:00:00";
"2017-07-17 06:10:00";1
"2017-07-17 11:00:00";
"2017-07-17 11:10:00";1
"2017-07-17 15:50:00";
"2017-07-17 16:00:00";1
"2017-07-17 20:50:00";
"2017-07-17 21:00:00";1
"2017-07-17 22:10:00";0
"2017-07-18 01:50:00";
"2017-07-18 02:00:00";0
"2017-07-18 03:00:00";1
"2017-07-18 06:50:00";
"2017-07-18 07:00:00";1
"2017-07-18 11:50:00";
"2017-07-18 12:00:00";1
"2017-07-18 16:50:00";
"2017-07-18 17:00:00";1
"2017-07-18 21:50:00";
"2017-07-18 22:00:00";1
"2017-07-18 22:20:00";0
"2017-07-19 02:50:00";
"2017-07-19 03:00:00";1
"2017-07-19 07:40:00";
"2017-07-19 07:50:00";1
"2017-07-19 12:40:00";
"2017-07-19 12:50:00";1
"2017-07-19 17:40:00";
"2017-07-19 17:50:00";1
"2017-07-19 22:10:00";0
"2017-07-19 22:40:00";
"2017-07-19 22:50:00";0
"2017-07-20 02:50:00";1
"2017-07-20 03:40:00";
"2017-07-20 03:50:00";1
"2017-07-20 08:40:00";
"2017-07-20 08:50:00";1
"2017-07-20 13:40:00";
"2017-07-20 13:50:00";1
"2017-07-20 18:40:00";
"2017-07-20 18:50:00";1
"2017-07-20 22:10:00";0
"2017-07-20 23:40:00";
"2017-07-20 23:50:00";0
"2017-07-21 03:00:00";1
"2017-07-21 04:30:00";
"2017-07-21 04:40:00";1
"2017-07-21 09:30:00";
"2017-07-21 09:40:00";1
"2017-07-21 14:30:00";
"2017-07-21 14:40:00";1
"2017-07-21 19:30:00";
"2017-07-21 19:40:00";1
"2017-07-21 22:10:00";0
"2017-07-22 00:30:00";
"2017-07-22 00:40:00";0
"2017-07-22 03:00:00";1
"2017-07-22 05:30:00";
"2017-07-22 05:40:00";1
"2017-07-22 10:30:00";
"2017-07-22 10:40:00";1
"2017-07-22 15:30:00";
"2017-07-22 15:40:00";1
"2017-07-22 20:30:00";
"2017-07-22 20:40:00";1
"2017-07-22 22:20:00";0
"2017-07-23 01:20:00";
"2017-07-23 01:30:00";0
"2017-07-23 06:20:00";
"2017-07-23 06:30:00";0
"2017-07-23 11:20:00";
"2017-07-23 11:30:00";0
"2017-07-23 16:20:00";
"2017-07-23 16:30:00";0
"2017-07-23 21:20:00";
"2017-07-23 21:30:00";0
"2017-07-24 02:20:00";
"2017-07-24 02:30:00";0
"2017-07-24 03:00:00";1
"2017-07-24 07:10:00";
"2017-07-24 07:20:00";1
"2017-07-24 12:10:00";
"2017-07-24 12:20:00";1
"2017-07-24 17:10:00";
"2017-07-24 17:20:00";1
"2017-07-24 22:00:00";0
"2017-07-24 22:10:00";
"2017-07-24 22:20:00";0
"2017-07-25 02:50:00";1
"2017-07-25 03:10:00";
"2017-07-25 03:20:00";1
"2017-07-25 08:10:00";
"2017-07-25 08:20:00";1
"2017-07-25 13:10:00";
"2017-07-25 13:20:00";1
"2017-07-25 18:10:00";
"2017-07-25 18:20:00";1
"2017-07-25 22:10:00";0
"2017-07-25 23:10:00";
"2017-07-25 23:20:00";0
"2017-07-26 02:50:00";1
"2017-07-26 04:00:00";
"2017-07-26 04:10:00";1
"2017-07-26 09:00:00";
"2017-07-26 09:10:00";1
"2017-07-26 14:00:00";
"2017-07-26 14:10:00";1
"2017-07-26 19:00:00";
"2017-07-26 19:10:00";1
"2017-07-26 22:10:00";0
"2017-07-27 00:00:00";
"2017-07-27 00:10:00";0
"2017-07-27 02:50:00";1
"2017-07-27 05:00:00";
"2017-07-27 05:10:00";1
"2017-07-27 10:00:00";
"2017-07-27 10:10:00";1
"2017-07-27 15:00:00";
"2017-07-27 15:10:00";1
"2017-07-27 19:50:00";
"2017-07-27 20:00:00";1
"2017-07-27 22:20:00";0
"2017-07-28 00:50:00";
"2017-07-28 01:00:00";0
"2017-07-28 03:00:00";1
"2017-07-28 05:50:00";
"2017-07-28 06:00:00";1
"2017-07-28 10:50:00";
"2017-07-28 11:00:00";1
"2017-07-28 15:50:00";
"2017-07-28 16:00:00";1
"2017-07-28 20:50:00";
"2017-07-28 21:00:00";1
"2017-07-28 22:10:00";0
"2017-07-29 01:50:00";
"2017-07-29 02:00:00";0
"2017-07-29 03:00:00";1
"2017-07-29 06:50:00";
"2017-07-29 07:00:00";1
"2017-07-29 11:50:00";
"2017-07-29 12:00:00";1
"2017-07-29 16:40:00";
"2017-07-29 16:50:00";1
"2017-07-29 21:40:00";
"2017-07-29 21:50:00";1
"2017-07-29 22:20:00";0
"2017-07-30 02:40:00";
"2017-07-30 02:50:00";0
"2017-07-30 07:40:00";
"2017-07-30 07:50:00";0
"2017-07-30 12:40:00";
"2017-07-30 12:50:00";0
"2017-07-30 17:40:00";
"2017-07-30 17:50:00";0
"2017-07-30 22:40:00";
"2017-07-30 22:50:00";0
"2017-07-31 03:00:00";1
"2017-07-31 03:40:00";
"2017-07-31 03:50:00";1
"2017-07-31 08:40:00";
"2017-07-31 08:50:00";1
"2017-07-31 13:30:00";
"2017-07-31 13:40:00";1
"2017-07-31 18:30:00";
"2017-07-31 18:40:00";1
"2017-07-31 22:00:00";0
"2017-07-31 23:30:00";
"2017-07-31 23:40:00";0
"2017-08-01 02:50:00";1
"2017-08-01 04:30:00";
"2017-08-01 04:40:00";1
"2017-08-01 09:30:00";
"2017-08-01 09:40:00";1
"2017-08-01 14:30:00";
"2017-08-01 14:40:00";1
"2017-08-01 19:30:00";
"2017-08-01 19:40:00";1
"2017-08-01 22:10:00";0
"2017-08-02 00:20:00";
"2017-08-02 00:30:00";0
"2017-08-02 03:00:00";1
"2017-08-02 05:20:00";
"2017-08-02 05:30:00";1
"2017-08-02 10:20:00";
"2017-08-02 10:30:00";1
"2017-08-02 15:20:00";
"2017-08-02 15:30:00";1
"2017-08-02 20:20:00";
"2017-08-02 20:30:00";1
"2017-08-02 22:20:00";0
"2017-08-03 01:20:00";
"2017-08-03 01:30:00";0
"2017-08-03 03:00:00";1
"2017-08-03 06:20:00";
"2017-08-03 06:30:00";1
"2017-08-03 11:20:00";
"2017-08-03 11:30:00";1
"2017-08-03 16:20:00";
"2017-08-03 16:30:00";1
"2017-08-03 21:10:00";
"2017-08-03 21:20:00";1
"2017-08-03 22:20:00";0
"2017-08-04 02:10:00";
"2017-08-04 02:20:00";0
"2017-08-04 03:00:00";1
"2017-08-04 07:10:00";
"2017-08-04 07:20:00";1
"2017-08-04 12:10:00";
"2017-08-04 12:20:00";1
"2017-08-04 17:10:00";
"2017-08-04 17:20:00";1
"2017-08-04 22:00:00";0
"2017-08-04 22:10:00";
"2017-08-04 22:20:00";0
"2017-08-05 02:50:00";1
"2017-08-05 03:10:00";
"2017-08-05 03:20:00";1
"2017-08-05 08:10:00";
"2017-08-05 08:20:00";1
"2017-08-05 13:10:00";
"2017-08-05 13:20:00";1
"2017-08-05 18:00:00";
"2017-08-05 18:10:00";1
"2017-08-05 22:10:00";0
"2017-08-05 23:00:00";
"2017-08-05 23:10:00";0
"2017-08-06 04:00:00";
"2017-08-06 04:10:00";0
"2017-08-06 09:00:00";
"2017-08-06 09:10:00";0
"2017-08-06 14:00:00";
"2017-08-06 14:10:00";0
"2017-08-06 19:00:00";
"2017-08-06 19:10:00";0
"2017-08-07 00:00:00";
"2017-08-07 00:10:00";0
"2017-08-07 03:00:00";1
"2017-08-07 05:00:00";
"2017-08-07 05:10:00";1
"2017-08-07 10:00:00";
"2017-08-07 10:10:00";1
"2017-08-07 14:50:00";
"2017-08-07 15:00:00";1
"2017-08-07 19:50:00";
"2017-08-07 20:00:00";1
"2017-08-07 22:10:00";0
"2017-08-08 00:50:00";
"2017-08-08 01:00:00";0
"2017-08-08 03:00:00";1
"2017-08-08 05:50:00";
"2017-08-08 06:00:00";1
"2017-08-08 10:50:00";
"2017-08-08 11:00:00";1
"2017-08-08 15:50:00";
"2017-08-08 16:00:00";1
"2017-08-08 20:50:00";
"2017-08-08 21:00:00";1
"2017-08-08 22:20:00";0
"2017-08-09 01:40:00";
"2017-08-09 01:50:00";0
"2017-08-09 03:00:00";1
"2017-08-09 06:40:00";
"2017-08-09 06:50:00";1
"2017-08-09 11:40:00";
"2017-08-09 11:50:00";1
"2017-08-09 16:40:00";
"2017-08-09 16:50:00";1
"2017-08-09 21:40:00";
"2017-08-09 21:50:00";1
"2017-08-09 22:20:00";0
"2017-08-10 02:40:00";
"2017-08-10 02:50:00";0
"2017-08-10 03:00:00";1
"2017-08-10 07:40:00";
"2017-08-10 07:50:00";1
"2017-08-10 12:40:00";
"2017-08-10 12:50:00";1
"2017-08-10 17:40:00";
"2017-08-10 17:50:00";1
"2017-08-10 22:10:00";0
"2017-08-10 22:30:00";
"2017-08-10 22:40:00";0
"2017-08-11 03:00:00";1
"2017-08-11 03:30:00";
"2017-08-11 03:40:00";1
"2017-08-11 08:30:00";
"2017-08-11 08:40:00";1
"2017-08-11 13:30:00";
"2017-08-11 13:40:00";1
"2017-08-11 18:30:00";
"2017-08-11 18:40:00";1
"2017-08-11 22:00:00";0
"2017-08-11 23:30:00";
"2017-08-11 23:40:00";0
"2017-08-12 02:50:00";1
"2017-08-12 04:30:00";
"2017-08-12 04:40:00";1
"2017-08-12 09:30:00";
"2017-08-12 09:40:00";1
"2017-08-12 14:30:00";
"2017-08-12 14:40:00";1
"2017-08-12 19:20:00";
"2017-08-12 19:30:00";1
"2017-08-12 22:10:00";0
"2017-08-13 00:20:00";
"2017-08-13 00:30:00";0
"2017-08-13 05:20:00";
"2017-08-13 05:30:00";0
"2017-08-13 10:20:00";
"2017-08-13 10:30:00";0
"2017-08-13 15:20:00";
"2017-08-13 15:30:00";0
"2017-08-13 20:20:00";
"2017-08-13 20:30:00";0
"2017-08-14 01:20:00";
"2017-08-14 01:30:00";0
"2017-08-14 03:00:00";1
"2017-08-14 06:20:00";
"2017-08-14 06:30:00";1
"2017-08-14 11:20:00";
"2017-08-14 11:30:00";1
"2017-08-14 16:10:00";
"2017-08-14 16:20:00";1
"2017-08-14 21:10:00";
"2017-08-14 21:20:00";1
"2017-08-14 22:10:00";0
"2017-08-15 02:10:00";
"2017-08-15 02:20:00";0
"2017-08-15 03:00:00";1
"2017-08-15 07:10:00";
"2017-08-15 07:20:00";1
"2017-08-15 12:10:00";
"2017-08-15 12:20:00";1
"2017-08-15 17:10:00";
"2017-08-15 17:20:00";1
"2017-08-15 20:30:00";0
"2017-08-15 22:00:00";
"2017-08-15 22:10:00";0
"2017-08-16 02:50:00";1
"2017-08-16 03:00:00";
"2017-08-16 03:10:00";1
"2017-08-16 08:00:00";
"2017-08-16 08:10:00";1
"2017-08-16 13:00:00";
"2017-08-16 13:10:00";1
"2017-08-16 18:00:00";
"2017-08-16 18:10:00";1
"2017-08-16 22:10:00";0
"2017-08-16 23:00:00";
"2017-08-16 23:10:00";0
"2017-08-17 02:50:00";1
"2017-08-17 04:00:00";
"2017-08-17 04:10:00";1
"2017-08-17 09:00:00";
"2017-08-17 09:10:00";1
"2017-08-17 14:00:00";
"2017-08-17 14:10:00";1
"2017-08-17 18:50:00";
"2017-08-17 19:00:00";1
"2017-08-17 22:10:00";0
"2017-08-17 23:50:00";
"2017-08-18 00:10:00";0
"2017-08-18 03:00:00";1
"2017-08-18 04:50:00";
"2017-08-18 05:00:00";1
"2017-08-18 09:50:00";
"2017-08-18 10:00:00";1
"2017-08-18 14:50:00";
"2017-08-18 15:00:00";1
"2017-08-18 19:50:00";
"2017-08-18 20:00:00";1
"2017-08-18 22:10:00";0
"2017-08-19 00:50:00";
"2017-08-19 01:00:00";0
"2017-08-19 03:00:00";1
"2017-08-19 05:50:00";
"2017-08-19 06:00:00";1
"2017-08-19 10:50:00";
"2017-08-19 11:00:00";1
"2017-08-19 15:40:00";
"2017-08-19 15:50:00";1
"2017-08-19 20:40:00";
"2017-08-19 20:50:00";1
"2017-08-19 22:20:00";0
"2017-08-20 01:40:00";
"2017-08-20 01:50:00";0
"2017-08-20 06:40:00";
"2017-08-20 06:50:00";0
"2017-08-20 11:40:00";
"2017-08-20 11:50:00";0
"2017-08-20 16:40:00";
"2017-08-20 16:50:00";0
"2017-08-20 21:40:00";
"2017-08-20 21:50:00";0
"2017-08-21 02:40:00";
"2017-08-21 02:50:00";0
"2017-08-21 03:00:00";1
"2017-08-21 07:40:00";
"2017-08-21 07:50:00";1
"2017-08-21 12:30:00";
"2017-08-21 12:40:00";1
"2017-08-21 17:30:00";
"2017-08-21 17:40:00";1
"2017-08-21 22:00:00";0
"2017-08-21 22:30:00";
"2017-08-21 22:40:00";0
"2017-08-22 02:50:00";1
"2017-08-22 03:30:00";
"2017-08-22 03:40:00";1
"2017-08-22 08:30:00";
"2017-08-22 08:40:00";1
"2017-08-22 13:30:00";
"2017-08-22 13:40:00";1
"2017-08-22 18:30:00";
"2017-08-22 18:40:00";1
"2017-08-22 22:10:00";0
"2017-08-22 23:30:00";
"2017-08-22 23:40:00";0
"2017-08-23 02:50:00";1
"2017-08-23 04:30:00";
"2017-08-23 04:40:00";1
"2017-08-23 09:20:00";
"2017-08-23 09:30:00";1
"2017-08-23 14:20:00";
"2017-08-23 14:30:00";1
"2017-08-23 19:20:00";
"2017-08-23 19:30:00";1
"2017-08-23 22:10:00";0
"2017-08-24 00:20:00";
"2017-08-24 00:30:00";0
"2017-08-24 02:50:00";1
"2017-08-24 05:20:00";
"2017-08-24 05:30:00";1
"2017-08-24 10:20:00";
"2017-08-24 10:30:00";1
"2017-08-24 15:20:00";
"2017-08-24 15:30:00";1
"2017-08-24 20:10:00";
"2017-08-24 20:20:00";1
"2017-08-24 22:10:00";0
"2017-08-25 01:10:00";
"2017-08-25 01:20:00";0
"2017-08-25 03:00:00";1
"2017-08-25 06:10:00";
"2017-08-25 06:20:00";1
"2017-08-25 11:10:00";
"2017-08-25 11:20:00";1
"2017-08-25 16:10:00";
"2017-08-25 16:20:00";1
"2017-08-25 21:10:00";
"2017-08-25 21:20:00";1
"2017-08-25 22:10:00";0
"2017-08-26 02:10:00";
"2017-08-26 02:20:00";0
"2017-08-26 03:00:00";1
"2017-08-26 07:10:00";
"2017-08-26 07:20:00";1
"2017-08-26 12:10:00";
"2017-08-26 12:20:00";1
"2017-08-26 17:00:00";
"2017-08-26 17:10:00";1
"2017-08-26 21:50:00";0
"2017-08-26 22:00:00";
"2017-08-26 22:10:00";0
"2017-08-27 03:00:00";
"2017-08-27 03:10:00";0
"2017-08-27 08:00:00";
"2017-08-27 08:10:00";0
"2017-08-27 13:00:00";
"2017-08-27 13:10:00";0
"2017-08-27 18:00:00";
"2017-08-27 18:10:00";0
"2017-08-27 23:00:00";
"2017-08-27 23:10:00";0
"2017-08-28 03:00:00";1
"2017-08-28 04:00:00";
"2017-08-28 04:10:00";1
"2017-08-28 09:00:00";
"2017-08-28 09:10:00";1
"2017-08-28 13:50:00";
"2017-08-28 14:00:00";1
"2017-08-28 18:50:00";
"2017-08-28 19:00:00";1
"2017-08-28 22:00:00";0
"2017-08-28 23:50:00";
"2017-08-29 00:00:00";
"2017-08-29 00:10:00";0
"2017-08-29 02:50:00";1
"2017-08-29 03:10:00";
"2017-08-29 03:20:00";1
"2017-08-29 04:50:00";
"2017-08-29 05:00:00";1
"2017-08-29 09:50:00";
"2017-08-29 10:00:00";1
"2017-08-29 14:50:00";
"2017-08-29 15:00:00";1
"2017-08-29 19:50:00";
"2017-08-29 20:00:00";1
"2017-08-29 22:10:00";0
"2017-08-30 00:50:00";
"2017-08-30 01:00:00";0
"2017-08-30 03:00:00";1
"2017-08-30 05:50:00";
"2017-08-30 06:00:00";1
"2017-08-30 10:40:00";
"2017-08-30 10:50:00";1
"2017-08-30 15:40:00";
"2017-08-30 15:50:00";1
"2017-08-30 20:40:00";
"2017-08-30 20:50:00";1
"2017-08-30 22:10:00";0
"2017-08-31 01:40:00";
"2017-08-31 01:50:00";0
"2017-08-31 03:00:00";1
"2017-08-31 06:40:00";
"2017-08-31 06:50:00";1
"2017-08-31 11:40:00";
"2017-08-31 11:50:00";1
"2017-08-31 16:40:00";
"2017-08-31 16:50:00";1
"2017-08-31 21:40:00";
"2017-08-31 21:50:00";1
"2017-08-31 22:10:00";0
"2017-09-01 02:40:00";
"2017-09-01 02:50:00";0
"2017-09-01 03:00:00";1
"2017-09-01 07:30:00";
"2017-09-01 07:40:00";1
"2017-09-01 12:30:00";
"2017-09-01 12:40:00";1
"2017-09-01 17:30:00";
"2017-09-01 17:40:00";1
"2017-09-01 22:00:00";0
"2017-09-01 22:30:00";
"2017-09-01 22:40:00";0
"2017-09-02 02:50:00";1
"2017-09-02 03:30:00";
"2017-09-02 03:40:00";1
"2017-09-02 08:30:00";
"2017-09-02 08:40:00";1
"2017-09-02 13:30:00";
"2017-09-02 13:40:00";1
"2017-09-02 18:30:00";
"2017-09-02 18:40:00";1
"2017-09-02 21:50:00";0
"2017-09-02 23:30:00";
"2017-09-02 23:40:00";0
"2017-09-03 04:20:00";
"2017-09-03 04:30:00";0
"2017-09-03 09:20:00";
"2017-09-03 09:30:00";0
"2017-09-03 14:20:00";
"2017-09-03 14:30:00";0
"2017-09-03 19:20:00";
"2017-09-03 19:30:00";0
"2017-09-04 00:20:00";
"2017-09-04 00:30:00";0
"2017-09-04 03:00:00";1
"2017-09-04 05:20:00";
"2017-09-04 05:30:00";1
"2017-09-04 10:20:00";
"2017-09-04 10:30:00";1
"2017-09-04 15:10:00";
"2017-09-04 15:20:00";1
"2017-09-04 20:10:00";
"2017-09-04 20:20:00";1
"2017-09-04 22:10:00";0
"2017-09-05 01:10:00";
"2017-09-05 01:20:00";0
"2017-09-05 03:00:00";1
"2017-09-05 06:10:00";
"2017-09-05 06:20:00";1
"2017-09-05 11:10:00";
"2017-09-05 11:20:00";1
"2017-09-05 16:10:00";
"2017-09-05 16:20:00";1
"2017-09-05 21:10:00";
"2017-09-05 21:20:00";1
"2017-09-05 22:10:00";0
"2017-09-06 02:10:00";
"2017-09-06 02:20:00";0
"2017-09-06 03:00:00";1
"2017-09-06 07:10:00";
"2017-09-06 07:20:00";1
"2017-09-06 12:00:00";
"2017-09-06 12:10:00";1
"2017-09-06 17:00:00";
"2017-09-06 17:10:00";1
"2017-09-06 22:00:00";
"2017-09-06 22:10:00";0
"2017-09-07 02:50:00";1
"2017-09-07 03:00:00";
"2017-09-07 03:10:00";1
"2017-09-07 08:00:00";
"2017-09-07 08:10:00";1
"2017-09-07 13:00:00";
"2017-09-07 13:10:00";1
"2017-09-07 18:00:00";
"2017-09-07 18:10:00";1
"2017-09-07 22:10:00";0
"2017-09-07 23:00:00";
"2017-09-07 23:10:00";0
"2017-09-08 03:00:00";1
"2017-09-08 04:00:00";
"2017-09-08 04:10:00";1
"2017-09-08 08:50:00";
"2017-09-08 09:00:00";1
"2017-09-08 13:50:00";
"2017-09-08 14:00:00";1
"2017-09-08 18:50:00";
"2017-09-08 19:00:00";1
"2017-09-08 22:00:00";0
"2017-09-08 23:50:00";
"2017-09-09 00:10:00";0
"2017-09-09 02:50:00";1
"2017-09-09 04:50:00";
"2017-09-09 05:00:00";1
"2017-09-09 09:50:00";
"2017-09-09 10:00:00";1
"2017-09-09 14:50:00";
"2017-09-09 15:00:00";1
"2017-09-09 19:50:00";
"2017-09-09 20:00:00";1
"2017-09-09 21:50:00";0
"2017-09-10 00:50:00";
"2017-09-10 01:00:00";0
"2017-09-10 05:40:00";
"2017-09-10 05:50:00";0
"2017-09-10 10:40:00";
"2017-09-10 10:50:00";0
"2017-09-10 15:40:00";
"2017-09-10 15:50:00";0
"2017-09-10 20:40:00";
"2017-09-10 20:50:00";0
"2017-09-11 01:40:00";
"2017-09-11 01:50:00";0
"2017-09-11 03:00:00";1
"2017-09-11 06:40:00";
"2017-09-11 06:50:00";1
"2017-09-11 11:40:00";
"2017-09-11 11:50:00";1
"2017-09-11 16:40:00";
"2017-09-11 16:50:00";1
"2017-09-11 21:30:00";
"2017-09-11 21:40:00";1
"2017-09-11 22:10:00";0
"2017-09-12 02:30:00";
"2017-09-12 02:40:00";0
"2017-09-12 03:00:00";1
"2017-09-12 07:30:00";
"2017-09-12 07:40:00";1
"2017-09-12 12:30:00";
"2017-09-12 12:40:00";1
"2017-09-12 17:30:00";
"2017-09-12 17:40:00";1
"2017-09-12 22:10:00";0
"2017-09-12 22:30:00";
"2017-09-12 22:40:00";0
"2017-09-13 02:50:00";1
"2017-09-13 03:30:00";
"2017-09-13 03:40:00";1
"2017-09-13 08:30:00";
"2017-09-13 08:40:00";1
"2017-09-13 13:20:00";
"2017-09-13 13:30:00";1
"2017-09-13 18:20:00";
"2017-09-13 18:30:00";1
"2017-09-13 22:10:00";0
"2017-09-13 23:20:00";
"2017-09-13 23:30:00";0
"2017-09-14 02:50:00";1
"2017-09-14 04:20:00";
"2017-09-14 04:30:00";1
"2017-09-14 09:20:00";
"2017-09-14 09:30:00";1
"2017-09-14 14:20:00";
"2017-09-14 14:30:00";1
"2017-09-14 19:20:00";
"2017-09-14 19:30:00";1
"2017-09-14 22:10:00";0
"2017-09-15 00:20:00";
"2017-09-15 00:30:00";0
"2017-09-15 03:00:00";1
"2017-09-15 05:20:00";
"2017-09-15 05:30:00";1
"2017-09-15 10:10:00";
"2017-09-15 10:20:00";1
"2017-09-15 15:10:00";
"2017-09-15 15:20:00";1
"2017-09-15 20:10:00";
"2017-09-15 20:20:00";1
"2017-09-15 22:10:00";0
"2017-09-16 01:10:00";
"2017-09-16 01:20:00";0
"2017-09-16 03:00:00";1
"2017-09-16 06:10:00";
"2017-09-16 06:20:00";1
"2017-09-16 11:10:00";
"2017-09-16 11:20:00";1
"2017-09-16 16:10:00";
"2017-09-16 16:20:00";1
"2017-09-16 21:10:00";
"2017-09-16 21:20:00";1
"2017-09-16 21:50:00";0
"2017-09-17 02:10:00";
"2017-09-17 02:20:00";0
"2017-09-17 07:00:00";
"2017-09-17 07:10:00";0
"2017-09-17 12:00:00";
"2017-09-17 12:10:00";0
"2017-09-17 17:00:00";
"2017-09-17 17:10:00";0
"2017-09-17 22:00:00";
"2017-09-17 22:10:00";0
"2017-09-18 03:00:00";
"2017-09-18 03:10:00";1
"2017-09-18 08:00:00";
"2017-09-18 08:10:00";1
"2017-09-18 13:00:00";
"2017-09-18 13:10:00";1
"2017-09-18 18:00:00";
"2017-09-18 18:10:00";1
"2017-09-18 22:00:00";0
"2017-09-18 23:00:00";
"2017-09-18 23:10:00";0
"2017-09-19 02:50:00";1
"2017-09-19 03:50:00";
"2017-09-19 04:00:00";1
"2017-09-19 08:50:00";
"2017-09-19 09:00:00";1
"2017-09-19 13:50:00";
"2017-09-19 14:00:00";1
"2017-09-19 18:50:00";
"2017-09-19 19:00:00";1
"2017-09-19 22:10:00";0
"2017-09-19 23:50:00";
"2017-09-20 00:00:00";0
"2017-09-20 02:50:00";1
"2017-09-20 04:50:00";
"2017-09-20 05:00:00";1
"2017-09-20 09:50:00";
"2017-09-20 10:00:00";1
"2017-09-20 14:50:00";
"2017-09-20 15:00:00";1
"2017-09-20 19:50:00";
"2017-09-20 20:00:00";1
"2017-09-20 22:10:00";0
"2017-09-21 00:40:00";
"2017-09-21 00:50:00";0
"2017-09-21 03:00:00";1
"2017-09-21 05:40:00";
"2017-09-21 05:50:00";1
"2017-09-21 10:40:00";
"2017-09-21 10:50:00";1
"2017-09-21 15:40:00";
"2017-09-21 15:50:00";1
"2017-09-21 20:40:00";
"2017-09-21 20:50:00";1
"2017-09-21 22:10:00";0
"2017-09-22 01:40:00";
"2017-09-22 01:50:00";0
"2017-09-22 03:00:00";1
"2017-09-22 06:40:00";
"2017-09-22 06:50:00";1
"2017-09-22 11:40:00";
"2017-09-22 11:50:00";1
"2017-09-22 16:40:00";
"2017-09-22 16:50:00";1
"2017-09-22 21:30:00";
"2017-09-22 21:40:00";1
"2017-09-22 22:10:00";0
"2017-09-23 02:30:00";
"2017-09-23 02:40:00";0
"2017-09-23 03:00:00";1
"2017-09-23 07:30:00";
"2017-09-23 07:40:00";1
"2017-09-23 12:30:00";
"2017-09-23 12:40:00";1
"2017-09-23 17:30:00";
"2017-09-23 17:40:00";1
"2017-09-23 21:50:00";0
"2017-09-23 22:30:00";
"2017-09-23 22:40:00";0
"2017-09-24 03:30:00";
"2017-09-24 03:40:00";0
"2017-09-24 08:30:00";
"2017-09-24 08:40:00";0
"2017-09-24 13:30:00";
"2017-09-24 13:40:00";0
"2017-09-24 18:20:00";
"2017-09-24 18:30:00";0
"2017-09-24 23:20:00";
"2017-09-24 23:30:00";0
"2017-09-25 03:00:00";1
"2017-09-25 04:20:00";
"2017-09-25 04:30:00";1
"2017-09-25 09:20:00";
"2017-09-25 09:30:00";1
"2017-09-25 14:20:00";
"2017-09-25 14:30:00";1
"2017-09-25 19:20:00";
"2017-09-25 19:30:00";1
"2017-09-25 22:00:00";0
"2017-09-26 00:20:00";
"2017-09-26 00:30:00";0
"2017-09-26 02:50:00";1
"2017-09-26 05:10:00";
"2017-09-26 05:20:00";1
"2017-09-26 10:10:00";
"2017-09-26 10:20:00";1
"2017-09-26 15:10:00";
"2017-09-26 15:20:00";1
"2017-09-26 20:10:00";
"2017-09-26 20:20:00";1
"2017-09-26 22:10:00";0
"2017-09-27 01:10:00";
"2017-09-27 01:20:00";0
"2017-09-27 03:00:00";1
"2017-09-27 06:10:00";
"2017-09-27 06:20:00";1
"2017-09-27 11:10:00";
"2017-09-27 11:20:00";1
"2017-09-27 16:10:00";
"2017-09-27 16:20:00";1
"2017-09-27 21:10:00";
"2017-09-27 21:20:00";1
"2017-09-27 22:10:00";0
"2017-09-28 02:00:00";
"2017-09-28 02:10:00";0
"2017-09-28 03:00:00";1
"2017-09-28 07:00:00";
"2017-09-28 07:10:00";1
"2017-09-28 12:00:00";
"2017-09-28 12:10:00";1
"2017-09-28 17:00:00";
"2017-09-28 17:10:00";1
"2017-09-28 22:00:00";
"2017-09-28 22:10:00";0
"2017-09-29 03:00:00";
"2017-09-29 03:10:00";1
"2017-09-29 08:00:00";
"2017-09-29 08:10:00";1
"2017-09-29 13:00:00";
"2017-09-29 13:10:00";1
"2017-09-29 18:00:00";
"2017-09-29 18:10:00";1
"2017-09-29 22:00:00";0
"2017-09-29 22:50:00";
"2017-09-29 23:00:00";0
"2017-09-30 02:50:00";1
"2017-09-30 03:50:00";
"2017-09-30 04:00:00";1
"2017-09-30 08:50:00";
"2017-09-30 09:00:00";1
"2017-09-30 13:50:00";
"2017-09-30 14:00:00";1
"2017-09-30 18:50:00";
"2017-09-30 19:00:00";1
"2017-09-30 21:50:00";0
"2017-09-30 23:50:00";
"2017-10-01 00:00:00";0
"2017-10-01 04:50:00";
"2017-10-01 05:00:00";0
"2017-10-01 09:50:00";
"2017-10-01 10:00:00";0
"2017-10-01 14:50:00";
"2017-10-01 15:00:00";0
"2017-10-01 19:40:00";
"2017-10-01 19:50:00";0
"2017-10-02 00:40:00";
"2017-10-02 00:50:00";0
"2017-10-02 03:00:00";1
"2017-10-02 05:40:00";
"2017-10-02 05:50:00";1
"2017-10-02 10:40:00";
"2017-10-02 10:50:00";1
"2017-10-02 15:40:00";
"2017-10-02 15:50:00";1
"2017-10-02 20:40:00";
"2017-10-02 20:50:00";1
"2017-10-02 22:10:00";0
"2017-10-03 01:40:00";
"2017-10-03 01:50:00";0
"2017-10-03 03:00:00";1
"2017-10-03 06:40:00";
"2017-10-03 06:50:00";1
"2017-10-03 11:30:00";
"2017-10-03 11:40:00";1
"2017-10-03 16:30:00";
"2017-10-03 16:40:00";1
"2017-10-03 21:30:00";
"2017-10-03 21:40:00";1
"2017-10-03 22:10:00";0
"2017-10-04 02:30:00";
"2017-10-04 02:40:00";0
"2017-10-04 03:00:00";1
"2017-10-04 07:30:00";
"2017-10-04 07:40:00";1
"2017-10-04 12:30:00";
"2017-10-04 12:40:00";1
"2017-10-04 17:30:00";
"2017-10-04 17:40:00";1
"2017-10-04 22:10:00";0
"2017-10-04 22:30:00";
"2017-10-04 22:40:00";0
"2017-10-05 02:50:00";1
"2017-10-05 03:30:00";
"2017-10-05 03:40:00";1
"2017-10-05 08:20:00";
"2017-10-05 08:30:00";1
"2017-10-05 13:20:00";
"2017-10-05 13:30:00";1
"2017-10-05 18:20:00";
"2017-10-05 18:30:00";1
"2017-10-05 22:10:00";0
"2017-10-05 23:20:00";
"2017-10-05 23:30:00";0
"2017-10-06 03:00:00";1
"2017-10-06 04:20:00";
"2017-10-06 04:30:00";1
"2017-10-06 09:20:00";
"2017-10-06 09:30:00";1
"2017-10-06 14:20:00";
"2017-10-06 14:30:00";1
"2017-10-06 19:20:00";
"2017-10-06 19:30:00";1
"2017-10-06 22:00:00";0
"2017-10-07 00:20:00";
"2017-10-07 00:30:00";0
"2017-10-07 02:50:00";1
"2017-10-07 05:10:00";
"2017-10-07 05:20:00";1
"2017-10-07 10:10:00";
"2017-10-07 10:20:00";1
"2017-10-07 15:10:00";
"2017-10-07 15:20:00";1
"2017-10-07 20:10:00";
"2017-10-07 20:20:00";1
"2017-10-07 21:50:00";0
"2017-10-08 01:10:00";
"2017-10-08 01:20:00";0
"2017-10-08 06:10:00";
"2017-10-08 06:20:00";0
"2017-10-08 11:10:00";
"2017-10-08 11:20:00";0
"2017-10-08 16:10:00";
"2017-10-08 16:20:00";0
"2017-10-08 21:10:00";
"2017-10-08 21:20:00";0
"2017-10-09 02:00:00";
"2017-10-09 02:10:00";0
"2017-10-09 03:00:00";1
"2017-10-09 07:00:00";
"2017-10-09 07:10:00";1
"2017-10-09 12:00:00";
"2017-10-09 12:10:00";1
"2017-10-09 17:00:00";
"2017-10-09 17:10:00";1
"2017-10-09 22:00:00";
"2017-10-09 22:10:00";0
"2017-10-10 02:50:00";1
"2017-10-10 03:00:00";
"2017-10-10 03:10:00";1
"2017-10-10 07:50:00";
"2017-10-10 08:00:00";1
"2017-10-10 12:50:00";
"2017-10-10 13:00:00";1
"2017-10-10 17:50:00";
"2017-10-10 18:00:00";1
"2017-10-10 22:10:00";0
"2017-10-10 22:50:00";
"2017-10-10 23:00:00";0
"2017-10-11 02:50:00";1
"2017-10-11 03:50:00";
"2017-10-11 04:00:00";1
"2017-10-11 08:50:00";
"2017-10-11 09:00:00";1
"2017-10-11 13:50:00";
"2017-10-11 14:00:00";1
"2017-10-11 18:50:00";
"2017-10-11 19:00:00";1
"2017-10-11 22:10:00";0
"2017-10-11 23:50:00";
"2017-10-12 00:00:00";0
"2017-10-12 02:50:00";1
"2017-10-12 04:40:00";
"2017-10-12 04:50:00";1
"2017-10-12 09:40:00";
"2017-10-12 09:50:00";1
"2017-10-12 14:40:00";
"2017-10-12 14:50:00";1
"2017-10-12 19:40:00";
"2017-10-12 19:50:00";1
"2017-10-12 22:10:00";0
"2017-10-13 00:40:00";
"2017-10-13 00:50:00";0
"2017-10-13 03:00:00";1
"2017-10-13 05:40:00";
"2017-10-13 05:50:00";1
"2017-10-13 10:40:00";
"2017-10-13 10:50:00";1
"2017-10-13 15:30:00";
"2017-10-13 15:40:00";1
"2017-10-13 20:30:00";
"2017-10-13 20:40:00";1
"2017-10-13 22:10:00";0
"2017-10-14 01:30:00";
"2017-10-14 01:40:00";0
"2017-10-14 03:00:00";1
"2017-10-14 06:30:00";
"2017-10-14 06:40:00";1
"2017-10-14 11:30:00";
"2017-10-14 11:40:00";1
"2017-10-14 16:30:00";
"2017-10-14 16:40:00";1
"2017-10-14 21:30:00";
"2017-10-14 21:40:00";1
"2017-10-14 21:50:00";0
"2017-10-15 02:30:00";
"2017-10-15 02:40:00";0
"2017-10-15 07:30:00";
"2017-10-15 07:40:00";0
"2017-10-15 12:20:00";
"2017-10-15 12:30:00";0
"2017-10-15 17:20:00";
"2017-10-15 17:30:00";0
"2017-10-15 22:20:00";
"2017-10-15 22:30:00";0
"2017-10-16 03:00:00";1
"2017-10-16 03:20:00";
"2017-10-16 03:30:00";1
"2017-10-16 08:20:00";
"2017-10-16 08:30:00";1
"2017-10-16 13:20:00";
"2017-10-16 13:30:00";1
"2017-10-16 18:20:00";
"2017-10-16 18:30:00";1
"2017-10-16 22:00:00";0
"2017-10-16 23:20:00";
"2017-10-16 23:30:00";0
"2017-10-17 02:50:00";1
"2017-10-17 04:20:00";
"2017-10-17 04:30:00";1
"2017-10-17 09:10:00";
"2017-10-17 09:20:00";1
"2017-10-17 14:10:00";
"2017-10-17 14:20:00";1
"2017-10-17 19:10:00";
"2017-10-17 19:20:00";1
"2017-10-17 22:10:00";0
"2017-10-18 00:10:00";
"2017-10-18 00:20:00";0
"2017-10-18 02:50:00";1
"2017-10-18 05:10:00";
"2017-10-18 05:20:00";1
"2017-10-18 10:10:00";
"2017-10-18 10:20:00";1
"2017-10-18 15:10:00";
"2017-10-18 15:20:00";1
"2017-10-18 20:10:00";
"2017-10-18 20:20:00";1
"2017-10-18 22:10:00";0
"2017-10-19 01:00:00";
"2017-10-19 01:10:00";0
"2017-10-19 03:00:00";1
"2017-10-19 06:00:00";
"2017-10-19 06:10:00";1
"2017-10-19 11:00:00";
"2017-10-19 11:10:00";1
"2017-10-19 16:00:00";
"2017-10-19 16:10:00";1
"2017-10-19 21:00:00";
"2017-10-19 21:10:00";1
"2017-10-19 22:10:00";0
"2017-10-20 02:00:00";
"2017-10-20 02:10:00";0
"2017-10-20 03:00:00";1
"2017-10-20 07:00:00";
"2017-10-20 07:10:00";1
"2017-10-20 12:00:00";
"2017-10-20 12:10:00";1
"2017-10-20 17:00:00";
"2017-10-20 17:10:00";1
"2017-10-20 21:50:00";
"2017-10-20 22:00:00";1
"2017-10-20 22:10:00";0
"2017-10-21 02:50:00";
"2017-10-21 03:00:00";1
"2017-10-21 07:50:00";
"2017-10-21 08:00:00";1
"2017-10-21 12:50:00";
"2017-10-21 13:00:00";1
"2017-10-21 17:50:00";
"2017-10-21 18:00:00";1
"2017-10-21 21:50:00";0
"2017-10-21 22:50:00";
"2017-10-21 23:00:00";0
"2017-10-22 03:50:00";
"2017-10-22 04:00:00";0
"2017-10-22 08:50:00";
"2017-10-22 09:00:00";0
"2017-10-22 13:50:00";
"2017-10-22 14:00:00";0
"2017-10-22 18:40:00";
"2017-10-22 18:50:00";0
"2017-10-22 23:40:00";
"2017-10-22 23:50:00";0
"2017-10-23 03:00:00";1
"2017-10-23 04:40:00";
"2017-10-23 04:50:00";1
"2017-10-23 09:40:00";
"2017-10-23 09:50:00";1
"2017-10-23 14:40:00";
"2017-10-23 14:50:00";1
"2017-10-23 19:40:00";
"2017-10-23 19:50:00";1
"2017-10-23 22:10:00";0
"2017-10-24 00:40:00";
"2017-10-24 00:50:00";0
"2017-10-24 03:00:00";1
"2017-10-24 05:40:00";
"2017-10-24 05:50:00";1
"2017-10-24 10:40:00";
"2017-10-24 10:50:00";1
"2017-10-24 15:30:00";
"2017-10-24 15:40:00";1
"2017-10-24 20:30:00";
"2017-10-24 20:40:00";1
"2017-10-24 22:10:00";0
"2017-10-25 01:30:00";
"2017-10-25 01:40:00";0
"2017-10-25 03:00:00";1
"2017-10-25 06:30:00";
"2017-10-25 06:40:00";1
"2017-10-25 11:30:00";
"2017-10-25 11:40:00";1
"2017-10-25 16:30:00";
"2017-10-25 16:40:00";1
"2017-10-25 21:30:00";
"2017-10-25 21:40:00";1
"2017-10-25 22:10:00";0
"2017-10-26 02:30:00";
"2017-10-26 02:40:00";0
"2017-10-26 03:00:00";1
"2017-10-26 07:30:00";
"2017-10-26 07:40:00";1
"2017-10-26 12:20:00";
"2017-10-26 12:30:00";1
"2017-10-26 17:20:00";
"2017-10-26 17:30:00";1
"2017-10-26 22:10:00";0
"2017-10-26 22:20:00";
"2017-10-26 22:30:00";0
"2017-10-27 03:00:00";1
"2017-10-27 03:20:00";
"2017-10-27 03:30:00";1
"2017-10-27 08:20:00";
"2017-10-27 08:30:00";1
"2017-10-27 13:20:00";
"2017-10-27 13:30:00";1
"2017-10-27 18:20:00";
"2017-10-27 18:30:00";1
"2017-10-27 22:00:00";0
"2017-10-27 23:20:00";
"2017-10-27 23:30:00";0
"2017-10-28 02:50:00";1
"2017-10-28 04:20:00";
"2017-10-28 04:30:00";1
"2017-10-28 09:10:00";
"2017-10-28 09:20:00";1
"2017-10-28 14:10:00";
"2017-10-28 14:20:00";1
"2017-10-28 19:10:00";
"2017-10-28 19:20:00";1
"2017-10-28 21:50:00";0
"2017-10-29 00:10:00";
"2017-10-29 00:20:00";0
"2017-10-29 03:00:00";
"2017-10-29 04:20:00";0
"2017-10-29 09:10:00";
"2017-10-29 09:20:00";0
"2017-10-29 14:10:00";
"2017-10-29 14:20:00";0
"2017-10-29 19:00:00";
"2017-10-29 19:10:00";0
"2017-10-29 23:00:00";
"2017-10-29 23:10:00";0
"2017-10-30 00:00:00";
"2017-10-30 00:10:00";0
"2017-10-30 03:00:00";1
"2017-10-30 05:00:00";
"2017-10-30 05:10:00";1
"2017-10-30 10:00:00";
"2017-10-30 10:10:00";1
"2017-10-30 15:00:00";
"2017-10-30 15:10:00";1
"2017-10-30 20:00:00";
"2017-10-30 20:10:00";1
"2017-10-30 22:10:00";0
"2017-10-31 01:00:00";
"2017-10-31 01:10:00";0
"2017-10-31 03:00:00";1
"2017-10-31 06:00:00";
"2017-10-31 06:10:00";1
"2017-10-31 10:50:00";
"2017-10-31 11:00:00";1
"2017-10-31 15:50:00";
"2017-10-31 16:00:00";1
"2017-10-31 20:50:00";
"2017-10-31 21:00:00";1
"2017-10-31 22:10:00";0
"2017-11-01 01:50:00";
"2017-11-01 02:00:00";0
"2017-11-01 03:00:00";1
"2017-11-01 06:50:00";
"2017-11-01 07:00:00";1
"2017-11-01 11:50:00";
"2017-11-01 12:00:00";1
"2017-11-01 16:50:00";
"2017-11-01 17:00:00";1
"2017-11-01 20:30:00";0
"2017-11-01 21:50:00";
"2017-11-01 22:00:00";0
"2017-11-02 02:50:00";
"2017-11-02 03:00:00";1
"2017-11-02 07:40:00";
"2017-11-02 07:50:00";1
"2017-11-02 12:40:00";
"2017-11-02 12:50:00";1
"2017-11-02 17:40:00";
"2017-11-02 17:50:00";1
"2017-11-02 22:10:00";0
"2017-11-02 22:40:00";
"2017-11-02 22:50:00";0
"2017-11-03 03:00:00";1
"2017-11-03 03:10:00";
"2017-11-03 03:20:00";1
"2017-11-03 03:40:00";
"2017-11-03 03:50:00";1
"2017-11-03 08:40:00";
"2017-11-03 08:50:00";1
"2017-11-03 13:40:00";
"2017-11-03 13:50:00";1
"2017-11-03 18:40:00";
"2017-11-03 18:50:00";1
"2017-11-03 22:00:00";0
"2017-11-03 23:40:00";
"2017-11-03 23:50:00";0
"2017-11-04 02:50:00";1
"2017-11-04 04:30:00";
"2017-11-04 04:40:00";1
"2017-11-04 09:30:00";
"2017-11-04 09:40:00";1
"2017-11-04 14:30:00";
"2017-11-04 14:40:00";1
"2017-11-04 19:30:00";
"2017-11-04 19:40:00";1
"2017-11-04 21:50:00";0
"2017-11-05 00:30:00";
"2017-11-05 00:40:00";0
"2017-11-05 05:30:00";
"2017-11-05 05:40:00";0
"2017-11-05 10:30:00";
"2017-11-05 10:40:00";0
"2017-11-05 15:20:00";
"2017-11-05 15:30:00";0
"2017-11-05 20:20:00";
"2017-11-05 20:30:00";0
"2017-11-06 01:20:00";
"2017-11-06 01:30:00";0
"2017-11-06 03:00:00";1
"2017-11-06 06:20:00";
"2017-11-06 06:30:00";1
"2017-11-06 11:20:00";
"2017-11-06 11:30:00";1
"2017-11-06 16:20:00";
"2017-11-06 16:30:00";1
"2017-11-06 21:20:00";
"2017-11-06 21:30:00";1
"2017-11-06 22:10:00";0
"2017-11-07 02:20:00";
"2017-11-07 02:30:00";0
"2017-11-07 03:00:00";1
"2017-11-07 07:20:00";
"2017-11-07 07:30:00";1
"2017-11-07 12:10:00";
"2017-11-07 12:20:00";1
"2017-11-07 17:10:00";
"2017-11-07 17:20:00";1
"2017-11-07 22:10:00";
"2017-11-07 22:20:00";0
"2017-11-08 02:50:00";1
"2017-11-08 03:10:00";
"2017-11-08 03:20:00";1
"2017-11-08 08:10:00";
"2017-11-08 08:20:00";1
"2017-11-08 13:10:00";
"2017-11-08 13:20:00";1
"2017-11-08 18:10:00";
"2017-11-08 18:20:00";1
"2017-11-08 22:10:00";0
"2017-11-08 23:10:00";
"2017-11-08 23:20:00";0
"2017-11-09 02:50:00";1
"2017-11-09 04:10:00";
"2017-11-09 04:20:00";1
"2017-11-09 09:00:00";
"2017-11-09 09:10:00";1
"2017-11-09 14:00:00";
"2017-11-09 14:10:00";1
"2017-11-09 19:00:00";
"2017-11-09 19:10:00";1
"2017-11-09 22:10:00";0
"2017-11-10 00:00:00";
"2017-11-10 00:10:00";0
"2017-11-10 03:00:00";1
"2017-11-10 05:00:00";
"2017-11-10 05:10:00";1
"2017-11-10 10:00:00";
"2017-11-10 10:10:00";1
"2017-11-10 15:00:00";
"2017-11-10 15:10:00";1
"2017-11-10 20:00:00";
"2017-11-10 20:10:00";1
"2017-11-10 22:10:00";0
"2017-11-11 01:00:00";
"2017-11-11 01:10:00";0
"2017-11-11 03:00:00";1
"2017-11-11 05:50:00";
"2017-11-11 06:00:00";1
"2017-11-11 10:50:00";
"2017-11-11 11:00:00";1
"2017-11-11 15:50:00";
"2017-11-11 16:00:00";1
"2017-11-11 20:30:00";0
"2017-11-11 20:50:00";
"2017-11-11 21:00:00";0
"2017-11-12 01:50:00";
"2017-11-12 02:00:00";0
"2017-11-12 06:50:00";
"2017-11-12 07:00:00";0
"2017-11-12 11:40:00";
"2017-11-12 11:50:00";0
"2017-11-12 16:40:00";
"2017-11-12 16:50:00";0
"2017-11-12 21:40:00";
"2017-11-12 21:50:00";0
"2017-11-13 02:40:00";
"2017-11-13 02:50:00";0
"2017-11-13 03:00:00";1
"2017-11-13 07:40:00";
"2017-11-13 07:50:00";1
"2017-11-13 12:40:00";
"2017-11-13 12:50:00";1
"2017-11-13 17:40:00";
"2017-11-13 17:50:00";1
"2017-11-13 22:00:00";0
"2017-11-13 22:40:00";
"2017-11-13 22:50:00";0
"2017-11-14 02:50:00";1
"2017-11-14 03:40:00";
"2017-11-14 03:50:00";1
"2017-11-14 08:30:00";
"2017-11-14 08:40:00";1
"2017-11-14 13:30:00";
"2017-11-14 13:40:00";1
"2017-11-14 18:30:00";
"2017-11-14 18:40:00";1
"2017-11-14 22:10:00";0
"2017-11-14 23:30:00";
"2017-11-14 23:40:00";0
"2017-11-15 02:50:00";1
"2017-11-15 04:30:00";
"2017-11-15 04:40:00";1
"2017-11-15 09:30:00";
"2017-11-15 09:40:00";1
"2017-11-15 14:30:00";
"2017-11-15 14:40:00";1
"2017-11-15 19:30:00";
"2017-11-15 19:40:00";1
"2017-11-15 22:10:00";0
"2017-11-16 00:30:00";
"2017-11-16 00:40:00";0
"2017-11-16 03:00:00";1
"2017-11-16 05:20:00";
"2017-11-16 05:30:00";1
"2017-11-16 10:20:00";
"2017-11-16 10:30:00";1
"2017-11-16 15:20:00";
"2017-11-16 15:30:00";1
"2017-11-16 20:20:00";
"2017-11-16 20:30:00";1
"2017-11-16 22:10:00";0
"2017-11-16 23:50:00";0
"2017-11-17 00:00:00";0
"2017-11-17 01:20:00";
"2017-11-17 01:30:00";0
"2017-11-17 03:00:00";1
"2017-11-17 06:20:00";
"2017-11-17 06:30:00";1
"2017-11-17 11:20:00";
"2017-11-17 11:30:00";1
"2017-11-17 16:10:00";
"2017-11-17 16:20:00";1
"2017-11-17 21:10:00";
"2017-11-17 21:20:00";1
"2017-11-17 22:10:00";0
"2017-11-18 02:10:00";
"2017-11-18 02:20:00";0
"2017-11-18 03:00:00";1
"2017-11-18 07:10:00";
"2017-11-18 07:20:00";1
"2017-11-18 12:10:00";
"2017-11-18 12:20:00";1
"2017-11-18 17:10:00";
"2017-11-18 17:20:00";1
"2017-11-18 21:50:00";0
"2017-11-18 22:10:00";
"2017-11-18 22:20:00";0
"2017-11-19 03:10:00";
"2017-11-19 03:20:00";0
"2017-11-19 08:10:00";
"2017-11-19 08:20:00";0
"2017-11-19 13:00:00";
"2017-11-19 13:10:00";0
"2017-11-19 18:00:00";
"2017-11-19 18:10:00";0
"2017-11-19 23:00:00";
"2017-11-19 23:10:00";0
"2017-11-20 03:00:00";1
"2017-11-20 04:00:00";
"2017-11-20 04:10:00";1
"2017-11-20 09:00:00";
"2017-11-20 09:10:00";1
"2017-11-20 14:00:00";
"2017-11-20 14:10:00";1
"2017-11-20 19:00:00";
"2017-11-20 19:10:00";1
"2017-11-20 22:00:00";0
"2017-11-20 23:50:00";
"2017-11-21 00:10:00";0
"2017-11-21 02:50:00";1
"2017-11-21 04:50:00";
"2017-11-21 05:00:00";1
"2017-11-21 09:50:00";
"2017-11-21 10:00:00";1
"2017-11-21 14:50:00";
"2017-11-21 15:00:00";1
"2017-11-21 19:50:00";
"2017-11-21 20:00:00";1
"2017-11-21 22:10:00";0
"2017-11-22 00:50:00";
"2017-11-22 01:00:00";0
"2017-11-22 03:00:00";1
"2017-11-22 05:50:00";
"2017-11-22 06:00:00";1
"2017-11-22 10:50:00";
"2017-11-22 11:00:00";1
"2017-11-22 15:50:00";
"2017-11-22 16:00:00";1
"2017-11-22 20:40:00";
"2017-11-22 20:50:00";1
"2017-11-22 22:10:00";0
"2017-11-23 01:40:00";
"2017-11-23 01:50:00";0
"2017-11-23 03:00:00";1
"2017-11-23 06:40:00";
"2017-11-23 06:50:00";1
"2017-11-23 11:40:00";
"2017-11-23 11:50:00";1
"2017-11-23 16:40:00";
"2017-11-23 16:50:00";1
"2017-11-23 21:40:00";
"2017-11-23 21:50:00";1
"2017-11-23 22:10:00";0
"2017-11-24 02:40:00";
"2017-11-24 02:50:00";0
"2017-11-24 03:00:00";1
"2017-11-24 07:40:00";
"2017-11-24 07:50:00";1
"2017-11-24 12:40:00";
"2017-11-24 12:50:00";1
"2017-11-24 17:30:00";
"2017-11-24 17:40:00";1
"2017-11-24 22:00:00";0
"2017-11-24 22:30:00";
"2017-11-24 22:40:00";0
"2017-11-25 02:50:00";1
"2017-11-25 03:30:00";
"2017-11-25 03:40:00";1
"2017-11-25 08:30:00";
"2017-11-25 08:40:00";1
"2017-11-25 13:30:00";
"2017-11-25 13:40:00";1
"2017-11-25 18:30:00";
"2017-11-25 18:40:00";1
"2017-11-25 21:50:00";0
"2017-11-25 23:30:00";
"2017-11-25 23:40:00";0
"2017-11-26 04:30:00";
"2017-11-26 04:40:00";0
"2017-11-26 09:30:00";
"2017-11-26 09:40:00";0
"2017-11-26 14:20:00";
"2017-11-26 14:30:00";0
"2017-11-26 19:20:00";
"2017-11-26 19:30:00";0
"2017-11-27 00:20:00";
"2017-11-27 00:30:00";0
"2017-11-27 03:00:00";1
"2017-11-27 05:20:00";
"2017-11-27 05:30:00";1
"2017-11-27 10:20:00";
"2017-11-27 10:30:00";1
"2017-11-27 15:20:00";
"2017-11-27 15:30:00";1
"2017-11-27 20:20:00";
"2017-11-27 20:30:00";1
"2017-11-27 22:10:00";0
"2017-11-28 01:10:00";
"2017-11-28 01:20:00";0
"2017-11-28 03:00:00";1
"2017-11-28 06:10:00";
"2017-11-28 06:20:00";1
"2017-11-28 11:10:00";
"2017-11-28 11:20:00";1
"2017-11-28 16:10:00";
"2017-11-28 16:20:00";1
"2017-11-28 21:10:00";
"2017-11-28 21:20:00";1
"2017-11-28 22:10:00";0
"2017-11-29 02:10:00";
"2017-11-29 02:20:00";0
"2017-11-29 03:00:00";1
"2017-11-29 07:10:00";
"2017-11-29 07:20:00";1
"2017-11-29 12:10:00";
"2017-11-29 12:20:00";1
"2017-11-29 17:10:00";
"2017-11-29 17:20:00";1
"2017-11-29 22:00:00";
"2017-11-29 22:10:00";0
"2017-11-30 02:50:00";1
"2017-11-30 03:00:00";
"2017-11-30 03:10:00";1
"2017-11-30 08:00:00";
"2017-11-30 08:10:00";1
"2017-11-30 13:00:00";
"2017-11-30 13:10:00";1
"2017-11-30 18:00:00";
"2017-11-30 18:10:00";1
"2017-11-30 22:10:00";0
"2017-11-30 23:00:00";
"2017-11-30 23:10:00";0
"2017-12-01 03:00:00";1
"2017-12-01 04:00:00";
"2017-12-01 04:10:00";1
"2017-12-01 09:00:00";
"2017-12-01 09:10:00";1
"2017-12-01 14:00:00";
"2017-12-01 14:10:00";1
"2017-12-01 18:50:00";
"2017-12-01 19:00:00";1
"2017-12-01 22:00:00";0
"2017-12-01 23:50:00";
"2017-12-02 00:10:00";0
"2017-12-02 02:50:00";1
"2017-12-02 04:50:00";
"2017-12-02 05:00:00";1
"2017-12-02 09:50:00";
"2017-12-02 10:00:00";1
"2017-12-02 14:50:00";
"2017-12-02 15:00:00";1
"2017-12-02 19:50:00";
"2017-12-02 20:00:00";1
"2017-12-02 21:50:00";0
"2017-12-03 00:50:00";
"2017-12-03 01:00:00";0
"2017-12-03 05:50:00";
"2017-12-03 06:00:00";0
"2017-12-03 10:50:00";
"2017-12-03 11:00:00";0
"2017-12-03 15:40:00";
"2017-12-03 15:50:00";0
"2017-12-03 20:40:00";
"2017-12-03 20:50:00";0
"2017-12-04 01:40:00";
"2017-12-04 01:50:00";0
"2017-12-04 03:00:00";1
"2017-12-04 06:40:00";
"2017-12-04 06:50:00";1
"2017-12-04 11:40:00";
"2017-12-04 11:50:00";1
"2017-12-04 16:40:00";
"2017-12-04 16:50:00";1
"2017-12-04 21:40:00";
"2017-12-04 21:50:00";1
"2017-12-04 22:10:00";0
"2017-12-05 02:30:00";
"2017-12-05 02:40:00";0
"2017-12-05 03:00:00";1
"2017-12-05 07:30:00";
"2017-12-05 07:40:00";1
"2017-12-05 12:30:00";
"2017-12-05 12:40:00";1
"2017-12-05 17:30:00";
"2017-12-05 17:40:00";1
"2017-12-05 22:10:00";0
"2017-12-05 22:30:00";
"2017-12-05 22:40:00";0
"2017-12-06 02:50:00";1
"2017-12-06 03:30:00";
"2017-12-06 03:40:00";1
"2017-12-06 08:30:00";
"2017-12-06 08:40:00";1
"2017-12-06 13:30:00";
"2017-12-06 13:40:00";1
"2017-12-06 18:30:00";
"2017-12-06 18:40:00";1
"2017-12-06 22:10:00";0
"2017-12-06 23:20:00";
"2017-12-06 23:30:00";0
"2017-12-07 02:50:00";1
"2017-12-07 04:20:00";
"2017-12-07 04:30:00";1
"2017-12-07 09:20:00";
"2017-12-07 09:30:00";1
"2017-12-07 14:20:00";
"2017-12-07 14:30:00";1
"2017-12-07 19:20:00";
"2017-12-07 19:30:00";1
"2017-12-07 22:10:00";0
"2017-12-08 00:20:00";
"2017-12-08 00:30:00";0
"2017-12-08 03:00:00";1
"2017-12-08 05:20:00";
"2017-12-08 05:30:00";1
"2017-12-08 10:20:00";
"2017-12-08 10:30:00";1
"2017-12-08 15:20:00";
"2017-12-08 15:30:00";1
"2017-12-08 20:10:00";
"2017-12-08 20:20:00";1
"2017-12-08 22:10:00";0
"2017-12-09 01:10:00";
"2017-12-09 01:20:00";0
"2017-12-09 03:00:00";1
"2017-12-09 06:10:00";
"2017-12-09 06:20:00";1
"2017-12-09 11:10:00";
"2017-12-09 11:20:00";1
"2017-12-09 16:10:00";
"2017-12-09 16:20:00";1
"2017-12-09 21:10:00";
"2017-12-09 21:20:00";1
"2017-12-09 21:50:00";0
"2017-12-10 02:10:00";
"2017-12-10 02:20:00";0
"2017-12-10 07:10:00";
"2017-12-10 07:20:00";0
"2017-12-10 12:00:00";
"2017-12-10 12:10:00";0
"2017-12-10 17:00:00";
"2017-12-10 17:10:00";0
"2017-12-10 22:00:00";
"2017-12-10 22:10:00";0
"2017-12-11 02:50:00";1
"2017-12-11 03:00:00";
"2017-12-11 03:10:00";1
"2017-12-11 08:00:00";
"2017-12-11 08:10:00";1
"2017-12-11 13:00:00";
"2017-12-11 13:10:00";1
"2017-12-11 18:00:00";
"2017-12-11 18:10:00";1
"2017-12-11 22:00:00";0
"2017-12-11 22:50:00";
"2017-12-11 23:00:00";0
"2017-12-12 02:50:00";1
"2017-12-12 03:50:00";
"2017-12-12 04:00:00";1
"2017-12-12 08:50:00";
"2017-12-12 09:00:00";1
"2017-12-12 13:50:00";
"2017-12-12 14:00:00";1
"2017-12-12 18:50:00";
"2017-12-12 19:00:00";1
"2017-12-12 22:10:00";0
"2017-12-12 23:50:00";
"2017-12-13 00:00:00";0
"2017-12-13 02:50:00";1
"2017-12-13 03:10:00";
"2017-12-13 03:20:00";1
"2017-12-13 04:50:00";
"2017-12-13 05:00:00";1
"2017-12-13 09:50:00";
"2017-12-13 10:00:00";1
"2017-12-13 14:40:00";
"2017-12-13 14:50:00";1
"2017-12-13 19:40:00";
"2017-12-13 19:50:00";1
"2017-12-13 22:10:00";0
"2017-12-14 00:40:00";
"2017-12-14 00:50:00";0
"2017-12-14 03:00:00";1
"2017-12-14 05:40:00";
"2017-12-14 05:50:00";1
"2017-12-14 10:40:00";
"2017-12-14 10:50:00";1
"2017-12-14 15:40:00";
"2017-12-14 15:50:00";1
"2017-12-14 20:40:00";
"2017-12-14 20:50:00";1
"2017-12-14 22:10:00";0
"2017-12-15 01:40:00";
"2017-12-15 01:50:00";0
"2017-12-15 03:00:00";1
"2017-12-15 06:40:00";
"2017-12-15 06:50:00";1
"2017-12-15 11:30:00";
"2017-12-15 11:40:00";1
"2017-12-15 16:30:00";
"2017-12-15 16:40:00";1
"2017-12-15 21:30:00";
"2017-12-15 21:40:00";1
"2017-12-15 22:10:00";0
"2017-12-16 02:30:00";
"2017-12-16 02:40:00";0
"2017-12-16 03:00:00";1
"2017-12-16 07:30:00";
"2017-12-16 07:40:00";1
"2017-12-16 12:30:00";
"2017-12-16 12:40:00";1
"2017-12-16 17:30:00";
"2017-12-16 17:40:00";1
"2017-12-16 21:50:00";0
"2017-12-16 22:30:00";
"2017-12-16 22:40:00";0
"2017-12-17 03:30:00";
"2017-12-17 03:40:00";0
"2017-12-17 08:20:00";
"2017-12-17 08:30:00";0
"2017-12-17 13:20:00";
"2017-12-17 13:30:00";0
"2017-12-17 18:20:00";
"2017-12-17 18:30:00";0
"2017-12-17 23:20:00";
"2017-12-17 23:30:00";0
"2017-12-18 03:00:00";1
"2017-12-18 04:20:00";
"2017-12-18 04:30:00";1
"2017-12-18 09:20:00";
"2017-12-18 09:30:00";1
"2017-12-18 14:20:00";
"2017-12-18 14:30:00";1
"2017-12-18 19:10:00";
"2017-12-18 19:20:00";1
"2017-12-18 22:00:00";0
"2017-12-19 00:10:00";
"2017-12-19 00:20:00";0
"2017-12-19 02:50:00";1
"2017-12-19 05:10:00";
"2017-12-19 05:20:00";1
"2017-12-19 10:10:00";
"2017-12-19 10:20:00";1
"2017-12-19 15:10:00";
"2017-12-19 15:20:00";1
"2017-12-19 20:10:00";
"2017-12-19 20:20:00";1
"2017-12-19 22:10:00";0
"2017-12-20 01:10:00";
"2017-12-20 01:20:00";0
"2017-12-20 03:00:00";1
"2017-12-20 06:10:00";
"2017-12-20 06:20:00";1
"2017-12-20 11:10:00";
"2017-12-20 11:20:00";1
"2017-12-20 16:00:00";
"2017-12-20 16:10:00";1
"2017-12-20 21:00:00";
"2017-12-20 21:10:00";1
"2017-12-20 22:10:00";0
"2017-12-21 02:00:00";
"2017-12-21 02:10:00";0
"2017-12-21 03:00:00";1
"2017-12-21 07:00:00";
"2017-12-21 07:10:00";1
"2017-12-21 12:00:00";
"2017-12-21 12:10:00";1
"2017-12-21 17:00:00";
"2017-12-21 17:10:00";1
"2017-12-21 22:00:00";
"2017-12-21 22:10:00";0
"2017-12-22 02:50:00";
"2017-12-22 03:00:00";1
"2017-12-22 08:00:00";
"2017-12-22 08:10:00";1
"2017-12-22 12:50:00";
"2017-12-22 13:00:00";1
"2017-12-22 17:50:00";
"2017-12-22 18:00:00";1
"2017-12-22 22:00:00";0
"2017-12-22 22:50:00";
"2017-12-22 23:00:00";0
"2017-12-23 02:50:00";1
"2017-12-23 03:50:00";
"2017-12-23 04:00:00";1
"2017-12-23 08:50:00";
"2017-12-23 09:00:00";1
"2017-12-23 13:50:00";
"2017-12-23 14:00:00";1
"2017-12-23 18:50:00";
"2017-12-23 19:00:00";1
"2017-12-23 21:50:00";0
"2017-12-23 23:40:00";
"2017-12-23 23:50:00";0
"2017-12-24 02:50:00";1
"2017-12-24 04:40:00";
"2017-12-24 04:50:00";1
"2017-12-24 09:40:00";
"2017-12-24 09:50:00";1
"2017-12-24 14:40:00";
"2017-12-24 14:50:00";1
"2017-12-24 19:00:00";0
"2017-12-24 19:40:00";
"2017-12-24 19:50:00";0
"2017-12-25 00:40:00";
"2017-12-25 00:50:00";0
"2017-12-25 05:40:00";
"2017-12-25 05:50:00";0
"2017-12-25 10:40:00";
"2017-12-25 10:50:00";0
"2017-12-25 15:30:00";
"2017-12-25 15:40:00";0
"2017-12-25 20:30:00";
"2017-12-25 20:40:00";0
"2017-12-26 01:30:00";
"2017-12-26 01:40:00";0
"2017-12-26 03:00:00";1
"2017-12-26 06:30:00";
"2017-12-26 06:40:00";1
"2017-12-26 11:30:00";
"2017-12-26 11:40:00";1
"2017-12-26 16:30:00";
"2017-12-26 16:40:00";1
"2017-12-26 21:20:00";
"2017-12-26 21:30:00";1
"2017-12-26 22:10:00";0
"2017-12-27 02:30:00";
"2017-12-27 02:40:00";0
"2017-12-27 03:00:00";1
"2017-12-27 07:20:00";
"2017-12-27 07:30:00";1
"2017-12-27 12:20:00";
"2017-12-27 12:30:00";1
"2017-12-27 17:20:00";
"2017-12-27 17:30:00";1
"2017-12-27 22:10:00";0
"2017-12-27 22:20:00";
"2017-12-27 22:30:00";0
"2017-12-28 02:50:00";1
"2017-12-28 03:20:00";
"2017-12-28 03:30:00";1
"2017-12-28 08:20:00";
"2017-12-28 08:30:00";1
"2017-12-28 13:20:00";
"2017-12-28 13:30:00";1
"2017-12-28 18:20:00";
"2017-12-28 18:30:00";1
"2017-12-28 22:10:00";0
"2017-12-28 23:20:00";
"2017-12-28 23:30:00";0
"2017-12-29 03:00:00";1
"2017-12-29 04:10:00";
"2017-12-29 04:20:00";1
"2017-12-29 09:10:00";
"2017-12-29 09:20:00";1
"2017-12-29 14:10:00";
"2017-12-29 14:20:00";1
"2017-12-29 19:10:00";
"2017-12-29 19:20:00";1
"2017-12-29 22:00:00";0
"2017-12-30 00:10:00";
"2017-12-30 00:20:00";0
"2017-12-30 02:50:00";1
"2017-12-30 05:10:00";
"2017-12-30 05:20:00";1
"2017-12-30 10:10:00";
"2017-12-30 10:20:00";1
"2017-12-30 15:10:00";
"2017-12-30 15:20:00";1
"2017-12-30 20:10:00";
"2017-12-30 20:20:00";1
"2017-12-30 21:50:00";0
"2017-12-31 01:00:00";
"2017-12-31 01:10:00";0
"2017-12-31 06:00:00";
"2017-12-31 06:10:00";0
"2017-12-31 11:00:00";
"2017-12-31 11:10:00";0
"2017-12-31 16:00:00";
"2017-12-31 16:10:00";0
"2017-12-31 21:00:00";
"2017-12-31 21:10:00";0
"2017-12-31 23:50:00";0
